Type:          average
Points:        1350
Count:         512
XInc:          3.70370E-013
XOrg:          6.1183500000E-008
YData range:   5.74400E-001
YData center:  -9.00000E-002
Coupling:      50 Ohms
XRange:        5.00000E-010
XOffset:       6.1183500000E-008
YRange:        5.70400E-001
YOffset:       -9.00000E-002
Date:          18 NOV 2019
Time:          10:10:18:05
Frame:         86100C:MY45030871
X Units:       second
Y Units:       Volt
XY Data:
6.1183500E-008, -9.561E-004
6.1183870E-008, -9.470E-004
6.1184241E-008, -9.380E-004
6.1184611E-008, -9.651E-004
6.1184981E-008, -9.470E-004
6.1185352E-008, -9.561E-004
6.1185722E-008, -9.380E-004
6.1186093E-008, -9.561E-004
6.1186463E-008, -9.470E-004
6.1186833E-008, -9.651E-004
6.1187204E-008, -9.651E-004
6.1187574E-008, -9.561E-004
6.1187944E-008, -9.742E-004
6.1188315E-008, -9.742E-004
6.1188685E-008, -9.651E-004
6.1189056E-008, -9.651E-004
6.1189426E-008, -9.561E-004
6.1189796E-008, -9.651E-004
6.1190167E-008, -9.832E-004
6.1190537E-008, -9.923E-004
6.1190907E-008, -9.742E-004
6.1191278E-008, -9.923E-004
6.1191648E-008, -9.651E-004
6.1192019E-008, -9.923E-004
6.1192389E-008, -9.742E-004
6.1192759E-008, -9.742E-004
6.1193130E-008, -9.742E-004
6.1193500E-008, -9.832E-004
6.1193870E-008, -9.742E-004
6.1194241E-008, -9.832E-004
6.1194611E-008, -9.923E-004
6.1194981E-008, -1.0013E-003
6.1195352E-008, -9.923E-004
6.1195722E-008, -9.923E-004
6.1196093E-008, -1.0013E-003
6.1196463E-008, -9.742E-004
6.1196833E-008, -1.0104E-003
6.1197204E-008, -1.0104E-003
6.1197574E-008, -1.0013E-003
6.1197944E-008, -9.923E-004
6.1198315E-008, -1.0013E-003
6.1198685E-008, -1.0013E-003
6.1199056E-008, -1.0104E-003
6.1199426E-008, -1.0104E-003
6.1199796E-008, -1.0013E-003
6.1200167E-008, -1.0104E-003
6.1200537E-008, -1.0104E-003
6.1200907E-008, -1.0104E-003
6.1201278E-008, -1.0285E-003
6.1201648E-008, -1.0104E-003
6.1202019E-008, -1.0013E-003
6.1202389E-008, -1.0285E-003
6.1202759E-008, -1.0194E-003
6.1203130E-008, -1.0104E-003
6.1203500E-008, -1.0194E-003
6.1203870E-008, -1.0375E-003
6.1204241E-008, -1.0285E-003
6.1204611E-008, -1.0285E-003
6.1204981E-008, -1.0194E-003
6.1205352E-008, -1.0285E-003
6.1205722E-008, -1.0375E-003
6.1206093E-008, -1.0285E-003
6.1206463E-008, -1.0375E-003
6.1206833E-008, -1.0285E-003
6.1207204E-008, -1.0375E-003
6.1207574E-008, -1.0466E-003
6.1207944E-008, -1.0375E-003
6.1208315E-008, -1.0375E-003
6.1208685E-008, -1.0556E-003
6.1209056E-008, -1.0556E-003
6.1209426E-008, -1.0285E-003
6.1209796E-008, -1.0375E-003
6.1210167E-008, -1.0466E-003
6.1210537E-008, -1.0466E-003
6.1210907E-008, -1.0466E-003
6.1211278E-008, -1.0556E-003
6.1211648E-008, -1.0556E-003
6.1212019E-008, -1.0647E-003
6.1212389E-008, -1.0556E-003
6.1212759E-008, -1.0466E-003
6.1213130E-008, -1.0375E-003
6.1213500E-008, -1.0647E-003
6.1213870E-008, -1.0737E-003
6.1214241E-008, -1.0375E-003
6.1214611E-008, -1.0556E-003
6.1214981E-008, -1.0647E-003
6.1215352E-008, -1.0556E-003
6.1215722E-008, -1.0828E-003
6.1216093E-008, -1.0647E-003
6.1216463E-008, -1.0466E-003
6.1216833E-008, -1.0375E-003
6.1217204E-008, -1.0737E-003
6.1217574E-008, -1.0828E-003
6.1217944E-008, -1.0556E-003
6.1218315E-008, -1.0647E-003
6.1218685E-008, -1.0737E-003
6.1219056E-008, -1.0556E-003
6.1219426E-008, -1.0556E-003
6.1219796E-008, -1.0647E-003
6.1220167E-008, -1.0556E-003
6.1220537E-008, -1.0647E-003
6.1220907E-008, -1.0737E-003
6.1221278E-008, -1.0737E-003
6.1221648E-008, -1.0556E-003
6.1222019E-008, -1.0647E-003
6.1222389E-008, -1.0556E-003
6.1222759E-008, -1.0737E-003
6.1223130E-008, -1.0737E-003
6.1223500E-008, -1.0647E-003
6.1223870E-008, -1.0828E-003
6.1224241E-008, -1.0647E-003
6.1224611E-008, -1.0737E-003
6.1224981E-008, -1.0828E-003
6.1225352E-008, -1.0737E-003
6.1225722E-008, -1.0828E-003
6.1226093E-008, -1.0647E-003
6.1226463E-008, -1.0737E-003
6.1226833E-008, -1.0737E-003
6.1227204E-008, -1.0647E-003
6.1227574E-008, -1.0737E-003
6.1227944E-008, -1.0647E-003
6.1228315E-008, -1.0828E-003
6.1228685E-008, -1.0647E-003
6.1229056E-008, -1.0556E-003
6.1229426E-008, -1.0737E-003
6.1229796E-008, -1.0466E-003
6.1230167E-008, -1.0737E-003
6.1230537E-008, -1.0737E-003
6.1230907E-008, -1.0918E-003
6.1231278E-008, -1.0737E-003
6.1231648E-008, -1.0828E-003
6.1232019E-008, -1.0647E-003
6.1232389E-008, -1.0828E-003
6.1232759E-008, -1.0647E-003
6.1233130E-008, -1.0828E-003
6.1233500E-008, -1.0737E-003
6.1233870E-008, -1.0828E-003
6.1234241E-008, -1.0828E-003
6.1234611E-008, -1.0828E-003
6.1234981E-008, -1.0737E-003
6.1235352E-008, -1.0828E-003
6.1235722E-008, -1.0828E-003
6.1236093E-008, -1.0556E-003
6.1236463E-008, -1.0828E-003
6.1236833E-008, -1.0647E-003
6.1237204E-008, -1.0737E-003
6.1237574E-008, -1.0647E-003
6.1237944E-008, -1.0737E-003
6.1238315E-008, -1.0556E-003
6.1238685E-008, -1.0828E-003
6.1239056E-008, -1.0647E-003
6.1239426E-008, -1.0556E-003
6.1239796E-008, -1.0647E-003
6.1240167E-008, -1.0737E-003
6.1240537E-008, -1.0737E-003
6.1240907E-008, -1.0737E-003
6.1241278E-008, -1.0556E-003
6.1241648E-008, -1.0647E-003
6.1242019E-008, -1.0647E-003
6.1242389E-008, -1.0647E-003
6.1242759E-008, -1.0737E-003
6.1243130E-008, -1.0647E-003
6.1243500E-008, -1.0556E-003
6.1243870E-008, -1.0647E-003
6.1244241E-008, -1.0737E-003
6.1244611E-008, -1.0828E-003
6.1244981E-008, -1.0737E-003
6.1245352E-008, -1.0647E-003
6.1245722E-008, -1.0828E-003
6.1246093E-008, -1.0737E-003
6.1246463E-008, -1.0466E-003
6.1246833E-008, -1.0466E-003
6.1247204E-008, -1.0647E-003
6.1247574E-008, -1.0556E-003
6.1247944E-008, -1.0556E-003
6.1248315E-008, -1.0466E-003
6.1248685E-008, -1.0647E-003
6.1249056E-008, -1.0466E-003
6.1249426E-008, -1.0466E-003
6.1249796E-008, -1.0556E-003
6.1250167E-008, -1.0466E-003
6.1250537E-008, -1.0375E-003
6.1250907E-008, -1.0375E-003
6.1251278E-008, -1.0466E-003
6.1251648E-008, -1.0466E-003
6.1252019E-008, -1.0556E-003
6.1252389E-008, -1.0375E-003
6.1252759E-008, -1.0375E-003
6.1253130E-008, -1.0375E-003
6.1253500E-008, -1.0375E-003
6.1253870E-008, -1.0194E-003
6.1254241E-008, -1.0556E-003
6.1254611E-008, -1.0375E-003
6.1254981E-008, -1.0285E-003
6.1255352E-008, -1.0375E-003
6.1255722E-008, -1.0194E-003
6.1256093E-008, -1.0375E-003
6.1256463E-008, -1.0285E-003
6.1256833E-008, -1.0285E-003
6.1257204E-008, -1.0375E-003
6.1257574E-008, -1.0194E-003
6.1257944E-008, -1.0194E-003
6.1258315E-008, -1.0285E-003
6.1258685E-008, -1.0285E-003
6.1259056E-008, -1.0194E-003
6.1259426E-008, -1.0194E-003
6.1259796E-008, -1.0194E-003
6.1260167E-008, -1.0104E-003
6.1260537E-008, -1.0104E-003
6.1260907E-008, -1.0104E-003
6.1261278E-008, -1.0194E-003
6.1261648E-008, -1.0104E-003
6.1262019E-008, -1.0013E-003
6.1262389E-008, -1.0013E-003
6.1262759E-008, -9.923E-004
6.1263130E-008, -1.0104E-003
6.1263500E-008, -1.0013E-003
6.1263870E-008, -1.0013E-003
6.1264241E-008, -9.923E-004
6.1264611E-008, -9.832E-004
6.1264981E-008, -9.923E-004
6.1265352E-008, -9.832E-004
6.1265722E-008, -9.832E-004
6.1266093E-008, -9.923E-004
6.1266463E-008, -9.742E-004
6.1266833E-008, -9.832E-004
6.1267204E-008, -9.651E-004
6.1267574E-008, -9.923E-004
6.1267944E-008, -9.651E-004
6.1268315E-008, -9.832E-004
6.1268685E-008, -9.923E-004
6.1269056E-008, -9.651E-004
6.1269426E-008, -9.742E-004
6.1269796E-008, -9.651E-004
6.1270167E-008, -9.561E-004
6.1270537E-008, -9.742E-004
6.1270907E-008, -9.561E-004
6.1271278E-008, -9.651E-004
6.1271648E-008, -9.470E-004
6.1272019E-008, -9.470E-004
6.1272389E-008, -9.470E-004
6.1272759E-008, -9.380E-004
6.1273130E-008, -9.380E-004
6.1273500E-008, -9.380E-004
6.1273870E-008, -9.561E-004
6.1274241E-008, -9.470E-004
6.1274611E-008, -9.380E-004
6.1274981E-008, -9.470E-004
6.1275352E-008, -9.380E-004
6.1275722E-008, -9.380E-004
6.1276093E-008, -9.199E-004
6.1276463E-008, -9.289E-004
6.1276833E-008, -9.199E-004
6.1277204E-008, -9.380E-004
6.1277574E-008, -9.017E-004
6.1277944E-008, -9.108E-004
6.1278315E-008, -9.017E-004
6.1278685E-008, -9.199E-004
6.1279056E-008, -9.017E-004
6.1279426E-008, -9.108E-004
6.1279796E-008, -9.017E-004
6.1280167E-008, -8.836E-004
6.1280537E-008, -9.108E-004
6.1280907E-008, -9.017E-004
6.1281278E-008, -8.927E-004
6.1281648E-008, -8.927E-004
6.1282019E-008, -8.927E-004
6.1282389E-008, -8.655E-004
6.1282759E-008, -8.836E-004
6.1283130E-008, -8.927E-004
6.1283500E-008, -8.746E-004
6.1283870E-008, -8.836E-004
6.1284241E-008, -8.655E-004
6.1284611E-008, -8.836E-004
6.1284981E-008, -8.746E-004
6.1285352E-008, -8.836E-004
6.1285722E-008, -8.565E-004
6.1286093E-008, -8.655E-004
6.1286463E-008, -8.655E-004
6.1286833E-008, -8.565E-004
6.1287204E-008, -8.565E-004
6.1287574E-008, -8.474E-004
6.1287944E-008, -8.565E-004
6.1288315E-008, -8.384E-004
6.1288685E-008, -8.384E-004
6.1289056E-008, -8.474E-004
6.1289426E-008, -8.384E-004
6.1289796E-008, -8.293E-004
6.1290167E-008, -8.203E-004
6.1290537E-008, -8.293E-004
6.1290907E-008, -8.293E-004
6.1291278E-008, -8.203E-004
6.1291648E-008, -8.112E-004
6.1292019E-008, -8.293E-004
6.1292389E-008, -8.293E-004
6.1292759E-008, -8.203E-004
6.1293130E-008, -7.931E-004
6.1293500E-008, -8.022E-004
6.1293870E-008, -8.112E-004
6.1294241E-008, -8.112E-004
6.1294611E-008, -7.750E-004
6.1294981E-008, -7.931E-004
6.1295352E-008, -7.750E-004
6.1295722E-008, -7.750E-004
6.1296093E-008, -7.931E-004
6.1296463E-008, -7.931E-004
6.1296833E-008, -7.841E-004
6.1297204E-008, -7.569E-004
6.1297574E-008, -7.660E-004
6.1297944E-008, -7.569E-004
6.1298315E-008, -7.931E-004
6.1298685E-008, -7.569E-004
6.1299056E-008, -7.569E-004
6.1299426E-008, -7.660E-004
6.1299796E-008, -7.660E-004
6.1300167E-008, -7.660E-004
6.1300537E-008, -7.569E-004
6.1300907E-008, -7.569E-004
6.1301278E-008, -7.207E-004
6.1301648E-008, -7.207E-004
6.1302019E-008, -7.479E-004
6.1302389E-008, -7.298E-004
6.1302759E-008, -7.298E-004
6.1303130E-008, -7.207E-004
6.1303500E-008, -7.117E-004
6.1303870E-008, -7.026E-004
6.1304241E-008, -7.207E-004
6.1304611E-008, -7.207E-004
6.1304981E-008, -7.117E-004
6.1305352E-008, -6.754E-004
6.1305722E-008, -6.936E-004
6.1306093E-008, -6.845E-004
6.1306463E-008, -6.845E-004
6.1306833E-008, -6.754E-004
6.1307204E-008, -6.845E-004
6.1307574E-008, -6.845E-004
6.1307944E-008, -6.936E-004
6.1308315E-008, -6.573E-004
6.1308685E-008, -6.664E-004
6.1309056E-008, -6.845E-004
6.1309426E-008, -6.664E-004
6.1309796E-008, -6.483E-004
6.1310167E-008, -6.573E-004
6.1310537E-008, -6.573E-004
6.1310907E-008, -6.392E-004
6.1311278E-008, -6.483E-004
6.1311648E-008, -6.392E-004
6.1312019E-008, -6.392E-004
6.1312389E-008, -6.392E-004
6.1312759E-008, -6.392E-004
6.1313130E-008, -6.211E-004
6.1313500E-008, -6.211E-004
6.1313870E-008, -6.302E-004
6.1314241E-008, -6.211E-004
6.1314611E-008, -6.121E-004
6.1314981E-008, -6.211E-004
6.1315352E-008, -6.121E-004
6.1315722E-008, -6.030E-004
6.1316093E-008, -5.940E-004
6.1316463E-008, -6.030E-004
6.1316833E-008, -6.030E-004
6.1317204E-008, -5.759E-004
6.1317574E-008, -5.759E-004
6.1317944E-008, -5.940E-004
6.1318315E-008, -5.940E-004
6.1318685E-008, -5.668E-004
6.1319056E-008, -5.759E-004
6.1319426E-008, -5.578E-004
6.1319796E-008, -5.578E-004
6.1320167E-008, -5.578E-004
6.1320537E-008, -5.668E-004
6.1320907E-008, -5.487E-004
6.1321278E-008, -5.578E-004
6.1321648E-008, -5.306E-004
6.1322019E-008, -5.487E-004
6.1322389E-008, -5.397E-004
6.1322759E-008, -5.397E-004
6.1323130E-008, -5.306E-004
6.1323500E-008, -5.216E-004
6.1323870E-008, -5.306E-004
6.1324241E-008, -5.216E-004
6.1324611E-008, -5.125E-004
6.1324981E-008, -5.216E-004
6.1325352E-008, -5.125E-004
6.1325722E-008, -5.035E-004
6.1326093E-008, -5.125E-004
6.1326463E-008, -4.944E-004
6.1326833E-008, -5.035E-004
6.1327204E-008, -5.035E-004
6.1327574E-008, -5.035E-004
6.1327944E-008, -4.944E-004
6.1328315E-008, -5.035E-004
6.1328685E-008, -5.035E-004
6.1329056E-008, -4.763E-004
6.1329426E-008, -4.854E-004
6.1329796E-008, -4.763E-004
6.1330167E-008, -4.763E-004
6.1330537E-008, -4.854E-004
6.1330907E-008, -4.673E-004
6.1331278E-008, -4.582E-004
6.1331648E-008, -4.944E-004
6.1332019E-008, -4.763E-004
6.1332389E-008, -4.673E-004
6.1332759E-008, -4.854E-004
6.1333130E-008, -4.763E-004
6.1333500E-008, -4.763E-004
6.1333870E-008, -4.854E-004
6.1334241E-008, -4.582E-004
6.1334611E-008, -4.854E-004
6.1334981E-008, -4.854E-004
6.1335352E-008, -4.854E-004
6.1335722E-008, -4.854E-004
6.1336093E-008, -4.763E-004
6.1336463E-008, -4.673E-004
6.1336833E-008, -4.944E-004
6.1337204E-008, -4.944E-004
6.1337574E-008, -4.582E-004
6.1337944E-008, -5.035E-004
6.1338315E-008, -5.125E-004
6.1338685E-008, -5.035E-004
6.1339056E-008, -5.125E-004
6.1339426E-008, -5.487E-004
6.1339796E-008, -5.035E-004
6.1340167E-008, -5.216E-004
6.1340537E-008, -5.487E-004
6.1340907E-008, -5.306E-004
6.1341278E-008, -5.487E-004
6.1341648E-008, -5.487E-004
6.1342019E-008, -5.578E-004
6.1342389E-008, -5.668E-004
6.1342759E-008, -5.849E-004
6.1343130E-008, -6.121E-004
6.1343500E-008, -5.940E-004
6.1343870E-008, -6.211E-004
6.1344241E-008, -6.302E-004
6.1344611E-008, -6.392E-004
6.1344981E-008, -6.392E-004
6.1345352E-008, -6.573E-004
6.1345722E-008, -6.754E-004
6.1346093E-008, -6.845E-004
6.1346463E-008, -7.207E-004
6.1346833E-008, -7.388E-004
6.1347204E-008, -7.388E-004
6.1347574E-008, -7.660E-004
6.1347944E-008, -7.841E-004
6.1348315E-008, -8.022E-004
6.1348685E-008, -8.293E-004
6.1349056E-008, -8.655E-004
6.1349426E-008, -8.565E-004
6.1349796E-008, -9.289E-004
6.1350167E-008, -9.380E-004
6.1350537E-008, -9.561E-004
6.1350907E-008, -9.923E-004
6.1351278E-008, -1.0285E-003
6.1351648E-008, -1.0194E-003
6.1352019E-008, -1.0737E-003
6.1352389E-008, -1.1009E-003
6.1352759E-008, -1.1552E-003
6.1353130E-008, -1.1733E-003
6.1353500E-008, -1.2005E-003
6.1353870E-008, -1.2367E-003
6.1354241E-008, -1.2548E-003
6.1354611E-008, -1.3181E-003
6.1354981E-008, -1.3724E-003
6.1355352E-008, -1.4177E-003
6.1355722E-008, -1.4177E-003
6.1356093E-008, -1.5082E-003
6.1356463E-008, -1.5173E-003
6.1356833E-008, -1.5987E-003
6.1357204E-008, -1.6350E-003
6.1357574E-008, -1.6802E-003
6.1357944E-008, -1.7074E-003
6.1358315E-008, -1.7798E-003
6.1358685E-008, -1.8522E-003
6.1359056E-008, -1.9065E-003
6.1359426E-008, -1.9337E-003
6.1359796E-008, -2.0151E-003
6.1360167E-008, -2.0513E-003
6.1360537E-008, -2.1419E-003
6.1360907E-008, -2.1600E-003
6.1361278E-008, -2.2776E-003
6.1361648E-008, -2.3682E-003
6.1362019E-008, -2.4044E-003
6.1362389E-008, -2.4768E-003
6.1362759E-008, -2.5764E-003
6.1363130E-008, -2.6126E-003
6.1363500E-008, -2.7212E-003
6.1363870E-008, -2.7393E-003
6.1364241E-008, -2.8389E-003
6.1364611E-008, -2.9656E-003
6.1364981E-008, -2.9927E-003
6.1365352E-008, -3.0923E-003
6.1365722E-008, -3.1647E-003
6.1366093E-008, -3.3458E-003
6.1366463E-008, -3.4091E-003
6.1366833E-008, -3.4544E-003
6.1367204E-008, -3.6083E-003
6.1367574E-008, -3.6445E-003
6.1367944E-008, -3.7531E-003
6.1368315E-008, -3.8889E-003
6.1368685E-008, -3.9975E-003
6.1369056E-008, -4.1514E-003
6.1369426E-008, -4.2148E-003
6.1369796E-008, -4.3053E-003
6.1370167E-008, -4.4501E-003
6.1370537E-008, -4.4501E-003
6.1370907E-008, -4.5768E-003
6.1371278E-008, -4.6855E-003
6.1371648E-008, -4.9299E-003
6.1372019E-008, -5.1200E-003
6.1372389E-008, -5.1471E-003
6.1372759E-008, -5.2919E-003
6.1373130E-008, -5.3644E-003
6.1373500E-008, -5.5544E-003
6.1373870E-008, -5.7083E-003
6.1374241E-008, -5.7445E-003
6.1374611E-008, -5.9346E-003
6.1374981E-008, -6.0704E-003
6.1375352E-008, -6.1881E-003
6.1375722E-008, -6.4053E-003
6.1376093E-008, -6.5140E-003
6.1376463E-008, -6.6226E-003
6.1376833E-008, -6.9394E-003
6.1377204E-008, -6.9122E-003
6.1377574E-008, -7.1204E-003
6.1377944E-008, -7.3377E-003
6.1378315E-008, -7.5187E-003
6.1378685E-008, -7.6817E-003
6.1379056E-008, -7.8898E-003
6.1379426E-008, -8.0166E-003
6.1379796E-008, -8.1252E-003
6.1380167E-008, -8.3424E-003
6.1380537E-008, -8.5778E-003
6.1380907E-008, -8.6502E-003
6.1381278E-008, -8.9399E-003
6.1381648E-008, -9.0304E-003
6.1382019E-008, -9.1481E-003
6.1382389E-008, -9.4920E-003
6.1382759E-008, -9.6188E-003
6.1383130E-008, -9.8722E-003
6.1383500E-008, -9.9808E-003
6.1383870E-008, -1.02252E-002
6.1384241E-008, -1.03610E-002
6.1384611E-008, -1.06145E-002
6.1384981E-008, -1.07774E-002
6.1385352E-008, -1.11395E-002
6.1385722E-008, -1.13477E-002
6.1386093E-008, -1.15830E-002
6.1386463E-008, -1.16645E-002
6.1386833E-008, -1.20537E-002
6.1387204E-008, -1.23525E-002
6.1387574E-008, -1.24973E-002
6.1387944E-008, -1.25244E-002
6.1388315E-008, -1.30404E-002
6.1388685E-008, -1.32395E-002
6.1389056E-008, -1.35473E-002
6.1389426E-008, -1.37917E-002
6.1389796E-008, -1.39184E-002
6.1390167E-008, -1.43077E-002
6.1390537E-008, -1.44525E-002
6.1390907E-008, -1.48508E-002
6.1391278E-008, -1.52672E-002
6.1391648E-008, -1.53215E-002
6.1392019E-008, -1.57831E-002
6.1392389E-008, -1.57922E-002
6.1392759E-008, -1.61271E-002
6.1393130E-008, -1.63534E-002
6.1393500E-008, -1.65978E-002
6.1393870E-008, -1.70323E-002
6.1394241E-008, -1.73582E-002
6.1394611E-008, -1.75483E-002
6.1394981E-008, -1.76840E-002
6.1395352E-008, -1.81004E-002
6.1395722E-008, -1.85802E-002
6.1396093E-008, -1.87884E-002
6.1396463E-008, -1.90237E-002
6.1396833E-008, -1.93768E-002
6.1397204E-008, -1.97660E-002
6.1397574E-008, -1.99289E-002
6.1397944E-008, -2.03453E-002
6.1398315E-008, -2.07527E-002
6.1398685E-008, -2.10695E-002
6.1399056E-008, -2.17484E-002
6.1399426E-008, -2.18751E-002
6.1399796E-008, -2.20833E-002
6.1400167E-008, -2.24001E-002
6.1400537E-008, -2.28980E-002
6.1400907E-008, -2.32691E-002
6.1401278E-008, -2.37217E-002
6.1401648E-008, -2.37941E-002
6.1402019E-008, -2.46359E-002
6.1402389E-008, -2.46088E-002
6.1402759E-008, -2.49980E-002
6.1403130E-008, -2.54959E-002
6.1403500E-008, -2.59756E-002
6.1403870E-008, -2.62743E-002
6.1404241E-008, -2.67631E-002
6.1404611E-008, -2.70709E-002
6.1404981E-008, -2.75959E-002
6.1405352E-008, -2.79399E-002
6.1405722E-008, -2.80666E-002
6.1406093E-008, -2.85464E-002
6.1406463E-008, -2.92705E-002
6.1406833E-008, -2.98408E-002
6.1407204E-008, -3.01124E-002
6.1407574E-008, -3.08365E-002
6.1407944E-008, -3.10990E-002
6.1408315E-008, -3.16602E-002
6.1408685E-008, -3.20495E-002
6.1409056E-008, -3.20857E-002
6.1409426E-008, -3.31448E-002
6.1409796E-008, -3.36245E-002
6.1410167E-008, -3.40228E-002
6.1410537E-008, -3.45569E-002
6.1410907E-008, -3.50547E-002
6.1411278E-008, -3.51362E-002
6.1411648E-008, -3.58875E-002
6.1412019E-008, -3.63129E-002
6.1412389E-008, -3.69918E-002
6.1412759E-008, -3.73449E-002
6.1413130E-008, -3.76707E-002
6.1413500E-008, -3.82863E-002
6.1413870E-008, -3.88384E-002
6.1414241E-008, -3.93453E-002
6.1414611E-008, -3.97979E-002
6.1414981E-008, -4.08480E-002
6.1415352E-008, -4.10381E-002
6.1415722E-008, -4.14544E-002
6.1416093E-008, -4.22601E-002
6.1416463E-008, -4.26765E-002
6.1416833E-008, -4.31200E-002
6.1417204E-008, -4.34911E-002
6.1417574E-008, -4.44325E-002
6.1417944E-008, -4.49032E-002
6.1418315E-008, -4.52653E-002
6.1418685E-008, -4.54645E-002
6.1419056E-008, -4.63696E-002
6.1419426E-008, -4.71029E-002
6.1419796E-008, -4.76369E-002
6.1420167E-008, -4.82434E-002
6.1420537E-008, -4.93930E-002
6.1420907E-008, -4.94745E-002
6.1421278E-008, -4.99723E-002
6.1421648E-008, -5.10133E-002
6.1422019E-008, -5.13482E-002
6.1422389E-008, -5.23168E-002
6.1422759E-008, -5.28237E-002
6.1423130E-008, -5.33306E-002
6.1423500E-008, -5.39642E-002
6.1423870E-008, -5.41815E-002
6.1424241E-008, -5.51681E-002
6.1424611E-008, -5.58199E-002
6.1424981E-008, -5.61005E-002
6.1425352E-008, -5.75488E-002
6.1425722E-008, -5.75307E-002
6.1426093E-008, -5.84993E-002
6.1426463E-008, -5.88794E-002
6.1426833E-008, -5.97575E-002
6.1427204E-008, -6.02915E-002
6.1427574E-008, -6.11696E-002
6.1427944E-008, -6.18123E-002
6.1428315E-008, -6.23916E-002
6.1428685E-008, -6.26269E-002
6.1429056E-008, -6.34416E-002
6.1429426E-008, -6.43287E-002
6.1429796E-008, -6.52339E-002
6.1430167E-008, -6.56141E-002
6.1430537E-008, -6.62749E-002
6.1430907E-008, -6.72253E-002
6.1431278E-008, -6.78228E-002
6.1431648E-008, -6.85650E-002
6.1432019E-008, -6.89271E-002
6.1432389E-008, -6.98775E-002
6.1432759E-008, -7.07375E-002
6.1433130E-008, -7.12082E-002
6.1433500E-008, -7.19595E-002
6.1433870E-008, -7.25388E-002
6.1434241E-008, -7.29824E-002
6.1434611E-008, -7.41682E-002
6.1434981E-008, -7.46117E-002
6.1435352E-008, -7.55622E-002
6.1435722E-008, -7.58428E-002
6.1436093E-008, -7.62592E-002
6.1436463E-008, -7.72368E-002
6.1436833E-008, -7.78976E-002
6.1437204E-008, -7.85221E-002
6.1437574E-008, -8.00429E-002
6.1437944E-008, -8.02420E-002
6.1438315E-008, -8.08938E-002
6.1438685E-008, -8.14550E-002
6.1439056E-008, -8.26951E-002
6.1439426E-008, -8.31658E-002
6.1439796E-008, -8.35731E-002
6.1440167E-008, -8.46865E-002
6.1440537E-008, -8.53926E-002
6.1440907E-008, -8.61891E-002
6.1441278E-008, -8.64879E-002
6.1441648E-008, -8.75017E-002
6.1442019E-008, -8.83254E-002
6.1442389E-008, -8.88414E-002
6.1442759E-008, -8.96832E-002
6.1443130E-008, -9.02716E-002
6.1443500E-008, -9.10772E-002
6.1443870E-008, -9.20095E-002
6.1444241E-008, -9.26613E-002
6.1444611E-008, -9.28604E-002
6.1444981E-008, -9.38471E-002
6.1445352E-008, -9.46889E-002
6.1445722E-008, -9.53135E-002
6.1446093E-008, -9.59471E-002
6.1446463E-008, -9.65084E-002
6.1446833E-008, -9.74769E-002
6.1447204E-008, -9.84726E-002
6.1447574E-008, -9.87623E-002
6.1447944E-008, -9.96765E-002
6.1448315E-008, -1.005817E-001
6.1448685E-008, -1.014960E-001
6.1449056E-008, -1.019124E-001
6.1449426E-008, -1.027904E-001
6.1449796E-008, -1.032249E-001
6.1450167E-008, -1.040124E-001
6.1450537E-008, -1.048995E-001
6.1450907E-008, -1.051892E-001
6.1451278E-008, -1.063750E-001
6.1451648E-008, -1.062935E-001
6.1452019E-008, -1.070629E-001
6.1452389E-008, -1.079953E-001
6.1452759E-008, -1.085565E-001
6.1453130E-008, -1.095884E-001
6.1453500E-008, -1.105570E-001
6.1453870E-008, -1.107018E-001
6.1454241E-008, -1.118876E-001
6.1454611E-008, -1.119510E-001
6.1454981E-008, -1.126570E-001
6.1455352E-008, -1.138247E-001
6.1455722E-008, -1.141596E-001
6.1456093E-008, -1.146847E-001
6.1456463E-008, -1.155355E-001
6.1456833E-008, -1.165946E-001
6.1457204E-008, -1.164950E-001
6.1457574E-008, -1.175451E-001
6.1457944E-008, -1.175813E-001
6.1458315E-008, -1.185589E-001
6.1458685E-008, -1.191111E-001
6.1459056E-008, -1.200796E-001
6.1459426E-008, -1.207857E-001
6.1459796E-008, -1.216003E-001
6.1460167E-008, -1.218085E-001
6.1460537E-008, -1.226685E-001
6.1460907E-008, -1.232930E-001
6.1461278E-008, -1.236642E-001
6.1461648E-008, -1.244064E-001
6.1462019E-008, -1.250401E-001
6.1462389E-008, -1.256013E-001
6.1462759E-008, -1.264884E-001
6.1463130E-008, -1.264884E-001
6.1463500E-008, -1.275384E-001
6.1463870E-008, -1.282716E-001
6.1464241E-008, -1.290772E-001
6.1464611E-008, -1.292040E-001
6.1464981E-008, -1.296204E-001
6.1465352E-008, -1.302630E-001
6.1465722E-008, -1.309238E-001
6.1466093E-008, -1.319014E-001
6.1466463E-008, -1.321911E-001
6.1466833E-008, -1.328066E-001
6.1467204E-008, -1.334222E-001
6.1467574E-008, -1.338476E-001
6.1467944E-008, -1.342278E-001
6.1468315E-008, -1.349067E-001
6.1468685E-008, -1.359386E-001
6.1469056E-008, -1.358481E-001
6.1469426E-008, -1.363278E-001
6.1469796E-008, -1.370701E-001
6.1470167E-008, -1.375861E-001
6.1470537E-008, -1.382650E-001
6.1470907E-008, -1.388714E-001
6.1471278E-008, -1.393240E-001
6.1471648E-008, -1.394779E-001
6.1472019E-008, -1.403831E-001
6.1472389E-008, -1.406547E-001
6.1472759E-008, -1.413879E-001
6.1473130E-008, -1.419763E-001
6.1473500E-008, -1.422750E-001
6.1473870E-008, -1.428724E-001
6.1474241E-008, -1.434065E-001
6.1474611E-008, -1.442392E-001
6.1474981E-008, -1.446013E-001
6.1475352E-008, -1.448457E-001
6.1475722E-008, -1.452712E-001
6.1476093E-008, -1.456423E-001
6.1476463E-008, -1.465113E-001
6.1476833E-008, -1.468190E-001
6.1477204E-008, -1.471087E-001
6.1477574E-008, -1.475251E-001
6.1477944E-008, -1.480954E-001
6.1478315E-008, -1.487018E-001
6.1478685E-008, -1.486204E-001
6.1479056E-008, -1.494079E-001
6.1479426E-008, -1.497338E-001
6.1479796E-008, -1.501140E-001
6.1480167E-008, -1.507295E-001
6.1480537E-008, -1.512364E-001
6.1480907E-008, -1.513812E-001
6.1481278E-008, -1.519605E-001
6.1481648E-008, -1.521597E-001
6.1482019E-008, -1.527843E-001
6.1482389E-008, -1.527752E-001
6.1482759E-008, -1.530196E-001
6.1483130E-008, -1.536080E-001
6.1483500E-008, -1.541964E-001
6.1483870E-008, -1.545675E-001
6.1484241E-008, -1.548481E-001
6.1484611E-008, -1.552917E-001
6.1484981E-008, -1.558167E-001
6.1485352E-008, -1.560249E-001
6.1485722E-008, -1.564956E-001
6.1486093E-008, -1.568033E-001
6.1486463E-008, -1.572197E-001
6.1486833E-008, -1.575818E-001
6.1487204E-008, -1.577447E-001
6.1487574E-008, -1.581521E-001
6.1487944E-008, -1.585323E-001
6.1488315E-008, -1.587586E-001
6.1488685E-008, -1.589396E-001
6.1489056E-008, -1.592655E-001
6.1489426E-008, -1.595370E-001
6.1489796E-008, -1.599806E-001
6.1490167E-008, -1.602521E-001
6.1490537E-008, -1.604422E-001
6.1490907E-008, -1.608677E-001
6.1491278E-008, -1.613927E-001
6.1491648E-008, -1.615556E-001
6.1492019E-008, -1.616099E-001
6.1492389E-008, -1.620625E-001
6.1492759E-008, -1.622798E-001
6.1493130E-008, -1.626509E-001
6.1493500E-008, -1.627686E-001
6.1493870E-008, -1.631669E-001
6.1494241E-008, -1.632664E-001
6.1494611E-008, -1.635651E-001
6.1494981E-008, -1.639182E-001
6.1495352E-008, -1.642078E-001
6.1495722E-008, -1.641535E-001
6.1496093E-008, -1.645971E-001
6.1496463E-008, -1.648505E-001
6.1496833E-008, -1.648143E-001
6.1497204E-008, -1.652035E-001
6.1497574E-008, -1.654751E-001
6.1497944E-008, -1.658553E-001
6.1498315E-008, -1.659730E-001
6.1498685E-008, -1.661359E-001
6.1499056E-008, -1.664799E-001
6.1499426E-008, -1.665523E-001
6.1499796E-008, -1.668419E-001
6.1500167E-008, -1.668510E-001
6.1500537E-008, -1.670139E-001
6.1500907E-008, -1.672221E-001
6.1501278E-008, -1.674213E-001
6.1501648E-008, -1.676476E-001
6.1502019E-008, -1.679915E-001
6.1502389E-008, -1.681635E-001
6.1502759E-008, -1.682269E-001
6.1503130E-008, -1.684260E-001
6.1503500E-008, -1.686523E-001
6.1503870E-008, -1.687700E-001
6.1504241E-008, -1.689058E-001
6.1504611E-008, -1.692045E-001
6.1504981E-008, -1.692498E-001
6.1505352E-008, -1.694217E-001
6.1505722E-008, -1.695485E-001
6.1506093E-008, -1.698834E-001
6.1506463E-008, -1.698743E-001
6.1506833E-008, -1.702183E-001
6.1507204E-008, -1.703179E-001
6.1507574E-008, -1.703088E-001
6.1507944E-008, -1.705894E-001
6.1508315E-008, -1.706890E-001
6.1508685E-008, -1.707976E-001
6.1509056E-008, -1.709606E-001
6.1509426E-008, -1.710692E-001
6.1509796E-008, -1.712140E-001
6.1510167E-008, -1.712774E-001
6.1510537E-008, -1.714041E-001
6.1510907E-008, -1.716485E-001
6.1511278E-008, -1.716757E-001
6.1511648E-008, -1.718929E-001
6.1512019E-008, -1.719201E-001
6.1512389E-008, -1.720378E-001
6.1512759E-008, -1.722007E-001
6.1513130E-008, -1.722912E-001
6.1513500E-008, -1.724360E-001
6.1513870E-008, -1.724179E-001
6.1514241E-008, -1.726171E-001
6.1514611E-008, -1.727166E-001
6.1514981E-008, -1.727891E-001
6.1515352E-008, -1.729067E-001
6.1515722E-008, -1.730154E-001
6.1516093E-008, -1.730878E-001
6.1516463E-008, -1.732417E-001
6.1516833E-008, -1.732507E-001
6.1517204E-008, -1.733684E-001
6.1517574E-008, -1.734227E-001
6.1517944E-008, -1.735675E-001
6.1518315E-008, -1.736037E-001
6.1518685E-008, -1.737033E-001
6.1519056E-008, -1.738481E-001
6.1519426E-008, -1.738481E-001
6.1519796E-008, -1.738662E-001
6.1520167E-008, -1.740201E-001
6.1520537E-008, -1.741288E-001
6.1520907E-008, -1.741197E-001
6.1521278E-008, -1.742102E-001
6.1521648E-008, -1.742645E-001
6.1522019E-008, -1.743551E-001
6.1522389E-008, -1.744546E-001
6.1522759E-008, -1.744818E-001
6.1523130E-008, -1.745451E-001
6.1523500E-008, -1.746266E-001
6.1523870E-008, -1.747262E-001
6.1524241E-008, -1.747352E-001
6.1524611E-008, -1.747986E-001
6.1524981E-008, -1.748801E-001
6.1525352E-008, -1.748891E-001
6.1525722E-008, -1.750068E-001
6.1526093E-008, -1.750430E-001
6.1526463E-008, -1.751154E-001
6.1526833E-008, -1.751426E-001
6.1527204E-008, -1.751607E-001
6.1527574E-008, -1.752240E-001
6.1527944E-008, -1.752693E-001
6.1528315E-008, -1.753055E-001
6.1528685E-008, -1.753960E-001
6.1529056E-008, -1.754232E-001
6.1529426E-008, -1.754503E-001
6.1529796E-008, -1.755046E-001
6.1530167E-008, -1.755318E-001
6.1530537E-008, -1.755499E-001
6.1530907E-008, -1.755861E-001
6.1531278E-008, -1.756133E-001
6.1531648E-008, -1.756947E-001
6.1532019E-008, -1.757128E-001
6.1532389E-008, -1.757400E-001
6.1532759E-008, -1.757853E-001
6.1533130E-008, -1.758124E-001
6.1533500E-008, -1.758034E-001
6.1533870E-008, -1.758758E-001
6.1534241E-008, -1.758939E-001
6.1534611E-008, -1.759301E-001
6.1534981E-008, -1.759572E-001
6.1535352E-008, -1.759844E-001
6.1535722E-008, -1.760116E-001
6.1536093E-008, -1.760568E-001
6.1536463E-008, -1.760749E-001
6.1536833E-008, -1.761021E-001
6.1537204E-008, -1.761111E-001
6.1537574E-008, -1.761292E-001
6.1537944E-008, -1.761654E-001
6.1538315E-008, -1.761564E-001
6.1538685E-008, -1.761926E-001
6.1539056E-008, -1.762107E-001
6.1539426E-008, -1.762741E-001
6.1539796E-008, -1.762922E-001
6.1540167E-008, -1.763103E-001
6.1540537E-008, -1.763012E-001
6.1540907E-008, -1.763374E-001
6.1541278E-008, -1.763555E-001
6.1541648E-008, -1.763736E-001
6.1542019E-008, -1.763827E-001
6.1542389E-008, -1.764189E-001
6.1542759E-008, -1.764370E-001
6.1543130E-008, -1.764370E-001
6.1543500E-008, -1.764732E-001
6.1543870E-008, -1.764913E-001
6.1544241E-008, -1.765185E-001
6.1544611E-008, -1.765004E-001
6.1544981E-008, -1.765547E-001
6.1545352E-008, -1.765818E-001
6.1545722E-008, -1.765909E-001
6.1546093E-008, -1.765818E-001
6.1546463E-008, -1.765728E-001
6.1546833E-008, -1.766090E-001
6.1547204E-008, -1.766180E-001
6.1547574E-008, -1.766271E-001
6.1547944E-008, -1.766271E-001
6.1548315E-008, -1.766633E-001
6.1548685E-008, -1.766905E-001
6.1549056E-008, -1.767086E-001
6.1549426E-008, -1.766814E-001
6.1549796E-008, -1.767267E-001
6.1550167E-008, -1.767538E-001
6.1550537E-008, -1.767629E-001
6.1550907E-008, -1.767900E-001
6.1551278E-008, -1.767900E-001
6.1551648E-008, -1.768081E-001
6.1552019E-008, -1.768081E-001
6.1552389E-008, -1.768172E-001
6.1552759E-008, -1.768534E-001
6.1553130E-008, -1.768534E-001
6.1553500E-008, -1.768896E-001
6.1553870E-008, -1.768986E-001
6.1554241E-008, -1.769168E-001
6.1554611E-008, -1.769258E-001
6.1554981E-008, -1.769439E-001
6.1555352E-008, -1.769530E-001
6.1555722E-008, -1.769620E-001
6.1556093E-008, -1.769892E-001
6.1556463E-008, -1.770163E-001
6.1556833E-008, -1.770163E-001
6.1557204E-008, -1.770435E-001
6.1557574E-008, -1.770163E-001
6.1557944E-008, -1.770525E-001
6.1558315E-008, -1.770978E-001
6.1558685E-008, -1.770887E-001
6.1559056E-008, -1.771159E-001
6.1559426E-008, -1.771249E-001
6.1559796E-008, -1.771068E-001
6.1560167E-008, -1.771340E-001
6.1560537E-008, -1.771612E-001
6.1560907E-008, -1.772064E-001
6.1561278E-008, -1.771974E-001
6.1561648E-008, -1.772336E-001
6.1562019E-008, -1.772607E-001
6.1562389E-008, -1.772698E-001
6.1562759E-008, -1.772788E-001
6.1563130E-008, -1.772879E-001
6.1563500E-008, -1.772969E-001
6.1563870E-008, -1.773241E-001
6.1564241E-008, -1.773241E-001
6.1564611E-008, -1.773784E-001
6.1564981E-008, -1.773512E-001
6.1565352E-008, -1.774146E-001
6.1565722E-008, -1.773875E-001
6.1566093E-008, -1.774056E-001
6.1566463E-008, -1.774418E-001
6.1566833E-008, -1.774599E-001
6.1567204E-008, -1.775051E-001
6.1567574E-008, -1.775142E-001
6.1567944E-008, -1.775232E-001
6.1568315E-008, -1.775685E-001
6.1568685E-008, -1.775685E-001
6.1569056E-008, -1.775956E-001
6.1569426E-008, -1.775956E-001
6.1569796E-008, -1.776319E-001
6.1570167E-008, -1.776409E-001
6.1570537E-008, -1.776771E-001
6.1570907E-008, -1.776952E-001
6.1571278E-008, -1.777133E-001
6.1571648E-008, -1.777314E-001
6.1572019E-008, -1.777405E-001
6.1572389E-008, -1.777586E-001
6.1572759E-008, -1.778038E-001
6.1573130E-008, -1.777676E-001
6.1573500E-008, -1.778038E-001
6.1573870E-008, -1.778672E-001
6.1574241E-008, -1.778582E-001
6.1574611E-008, -1.778944E-001
6.1574981E-008, -1.779215E-001
6.1575352E-008, -1.778944E-001
6.1575722E-008, -1.779487E-001
6.1576093E-008, -1.779849E-001
6.1576463E-008, -1.779939E-001
6.1576833E-008, -1.779668E-001
6.1577204E-008, -1.780482E-001
6.1577574E-008, -1.780482E-001
6.1577944E-008, -1.780845E-001
6.1578315E-008, -1.781026E-001
6.1578685E-008, -1.781297E-001
6.1579056E-008, -1.781659E-001
6.1579426E-008, -1.781569E-001
6.1579796E-008, -1.782021E-001
6.1580167E-008, -1.782293E-001
6.1580537E-008, -1.782745E-001
6.1580907E-008, -1.782655E-001
6.1581278E-008, -1.782926E-001
6.1581648E-008, -1.783017E-001
6.1582019E-008, -1.783470E-001
6.1582389E-008, -1.783560E-001
6.1582759E-008, -1.783560E-001
6.1583130E-008, -1.783922E-001
6.1583500E-008, -1.784375E-001
6.1583870E-008, -1.784194E-001
6.1584241E-008, -1.784737E-001
6.1584611E-008, -1.784556E-001
6.1584981E-008, -1.785099E-001
6.1585352E-008, -1.785552E-001
6.1585722E-008, -1.785280E-001
6.1586093E-008, -1.785733E-001
6.1586463E-008, -1.786185E-001
6.1586833E-008, -1.786366E-001
6.1587204E-008, -1.786276E-001
6.1587574E-008, -1.786819E-001
6.1587944E-008, -1.787090E-001
6.1588315E-008, -1.787090E-001
6.1588685E-008, -1.787633E-001
6.1589056E-008, -1.787452E-001
6.1589426E-008, -1.787996E-001
6.1589796E-008, -1.788086E-001
6.1590167E-008, -1.788177E-001
6.1590537E-008, -1.788358E-001
6.1590907E-008, -1.788720E-001
6.1591278E-008, -1.788810E-001
6.1591648E-008, -1.788629E-001
6.1592019E-008, -1.789353E-001
6.1592389E-008, -1.789263E-001
6.1592759E-008, -1.789534E-001
6.1593130E-008, -1.789444E-001
6.1593500E-008, -1.789987E-001
6.1593870E-008, -1.789896E-001
6.1594241E-008, -1.790168E-001
6.1594611E-008, -1.790349E-001
6.1594981E-008, -1.790621E-001
6.1595352E-008, -1.790892E-001
6.1595722E-008, -1.790892E-001
6.1596093E-008, -1.790983E-001
6.1596463E-008, -1.791345E-001
6.1596833E-008, -1.791526E-001
6.1597204E-008, -1.791707E-001
6.1597574E-008, -1.791616E-001
6.1597944E-008, -1.791888E-001
6.1598315E-008, -1.791978E-001
6.1598685E-008, -1.792069E-001
6.1599056E-008, -1.792612E-001
6.1599426E-008, -1.792522E-001
6.1599796E-008, -1.792793E-001
6.1600167E-008, -1.792793E-001
6.1600537E-008, -1.792703E-001
6.1600907E-008, -1.792974E-001
6.1601278E-008, -1.793246E-001
6.1601648E-008, -1.793246E-001
6.1602019E-008, -1.793427E-001
6.1602389E-008, -1.793789E-001
6.1602759E-008, -1.793608E-001
6.1603130E-008, -1.793879E-001
6.1603500E-008, -1.793879E-001
6.1603870E-008, -1.793970E-001
6.1604241E-008, -1.793970E-001
6.1604611E-008, -1.793970E-001
6.1604981E-008, -1.794332E-001
6.1605352E-008, -1.793789E-001
6.1605722E-008, -1.794422E-001
6.1606093E-008, -1.794422E-001
6.1606463E-008, -1.794603E-001
6.1606833E-008, -1.794513E-001
6.1607204E-008, -1.794603E-001
6.1607574E-008, -1.794603E-001
6.1607944E-008, -1.794694E-001
6.1608315E-008, -1.795056E-001
6.1608685E-008, -1.794875E-001
6.1609056E-008, -1.794875E-001
6.1609426E-008, -1.794966E-001
6.1609796E-008, -1.795147E-001
6.1610167E-008, -1.795147E-001
6.1610537E-008, -1.795328E-001
6.1610907E-008, -1.795237E-001
6.1611278E-008, -1.795237E-001
6.1611648E-008, -1.795509E-001
6.1612019E-008, -1.795237E-001
6.1612389E-008, -1.795509E-001
6.1612759E-008, -1.795328E-001
6.1613130E-008, -1.795599E-001
6.1613500E-008, -1.795509E-001
6.1613870E-008, -1.795509E-001
6.1614241E-008, -1.795509E-001
6.1614611E-008, -1.795418E-001
6.1614981E-008, -1.795328E-001
6.1615352E-008, -1.795509E-001
6.1615722E-008, -1.795690E-001
6.1616093E-008, -1.795690E-001
6.1616463E-008, -1.795690E-001
6.1616833E-008, -1.795237E-001
6.1617204E-008, -1.795690E-001
6.1617574E-008, -1.795599E-001
6.1617944E-008, -1.795690E-001
6.1618315E-008, -1.795599E-001
6.1618685E-008, -1.795871E-001
6.1619056E-008, -1.795418E-001
6.1619426E-008, -1.795599E-001
6.1619796E-008, -1.795871E-001
6.1620167E-008, -1.795780E-001
6.1620537E-008, -1.795418E-001
6.1620907E-008, -1.795509E-001
6.1621278E-008, -1.795599E-001
6.1621648E-008, -1.795871E-001
6.1622019E-008, -1.795871E-001
6.1622389E-008, -1.795690E-001
6.1622759E-008, -1.795780E-001
6.1623130E-008, -1.795599E-001
6.1623500E-008, -1.795780E-001
6.1623870E-008, -1.795599E-001
6.1624241E-008, -1.795599E-001
6.1624611E-008, -1.795328E-001
6.1624981E-008, -1.795690E-001
6.1625352E-008, -1.795690E-001
6.1625722E-008, -1.795690E-001
6.1626093E-008, -1.796052E-001
6.1626463E-008, -1.796052E-001
6.1626833E-008, -1.795780E-001
6.1627204E-008, -1.795780E-001
6.1627574E-008, -1.795961E-001
6.1627944E-008, -1.795780E-001
6.1628315E-008, -1.795690E-001
6.1628685E-008, -1.795599E-001
6.1629056E-008, -1.795690E-001
6.1629426E-008, -1.795599E-001
6.1629796E-008, -1.795780E-001
6.1630167E-008, -1.795871E-001
6.1630537E-008, -1.795871E-001
6.1630907E-008, -1.795509E-001
6.1631278E-008, -1.795599E-001
6.1631648E-008, -1.795961E-001
6.1632019E-008, -1.795690E-001
6.1632389E-008, -1.795871E-001
6.1632759E-008, -1.795780E-001
6.1633130E-008, -1.795871E-001
6.1633500E-008, -1.795961E-001
6.1633870E-008, -1.795961E-001
6.1634241E-008, -1.795871E-001
6.1634611E-008, -1.796414E-001
6.1634981E-008, -1.795961E-001
6.1635352E-008, -1.795871E-001
6.1635722E-008, -1.796052E-001
6.1636093E-008, -1.796052E-001
6.1636463E-008, -1.796233E-001
6.1636833E-008, -1.796142E-001
6.1637204E-008, -1.796142E-001
6.1637574E-008, -1.796414E-001
6.1637944E-008, -1.796504E-001
6.1638315E-008, -1.796323E-001
6.1638685E-008, -1.796323E-001
6.1639056E-008, -1.796776E-001
6.1639426E-008, -1.796504E-001
6.1639796E-008, -1.796504E-001
6.1640167E-008, -1.796504E-001
6.1640537E-008, -1.796595E-001
6.1640907E-008, -1.796866E-001
6.1641278E-008, -1.796685E-001
6.1641648E-008, -1.797047E-001
6.1642019E-008, -1.796957E-001
6.1642389E-008, -1.796866E-001
6.1642759E-008, -1.797138E-001
6.1643130E-008, -1.797319E-001
6.1643500E-008, -1.797229E-001
6.1643870E-008, -1.797229E-001
6.1644241E-008, -1.797229E-001
6.1644611E-008, -1.797410E-001
6.1644981E-008, -1.798043E-001
6.1645352E-008, -1.797500E-001
6.1645722E-008, -1.797772E-001
6.1646093E-008, -1.797772E-001
6.1646463E-008, -1.798134E-001
6.1646833E-008, -1.798134E-001
6.1647204E-008, -1.798496E-001
6.1647574E-008, -1.798405E-001
6.1647944E-008, -1.798134E-001
6.1648315E-008, -1.798224E-001
6.1648685E-008, -1.798858E-001
6.1649056E-008, -1.798948E-001
6.1649426E-008, -1.798677E-001
6.1649796E-008, -1.799220E-001
6.1650167E-008, -1.798767E-001
6.1650537E-008, -1.799129E-001
6.1650907E-008, -1.799492E-001
6.1651278E-008, -1.799673E-001
6.1651648E-008, -1.799673E-001
6.1652019E-008, -1.799763E-001
6.1652389E-008, -1.799854E-001
6.1652759E-008, -1.799944E-001
6.1653130E-008, -1.800035E-001
6.1653500E-008, -1.800216E-001
6.1653870E-008, -1.800578E-001
6.1654241E-008, -1.800397E-001
6.1654611E-008, -1.800397E-001
6.1654981E-008, -1.800849E-001
6.1655352E-008, -1.801121E-001
6.1655722E-008, -1.801392E-001
6.1656093E-008, -1.801302E-001
6.1656463E-008, -1.801754E-001
6.1656833E-008, -1.801754E-001
6.1657204E-008, -1.801936E-001
6.1657574E-008, -1.801936E-001
6.1657944E-008, -1.801936E-001
6.1658315E-008, -1.802388E-001
6.1658685E-008, -1.802569E-001
6.1659056E-008, -1.802569E-001
6.1659426E-008, -1.802750E-001
6.1659796E-008, -1.803203E-001
6.1660167E-008, -1.803022E-001
6.1660537E-008, -1.803474E-001
6.1660907E-008, -1.803565E-001
6.1661278E-008, -1.803474E-001
6.1661648E-008, -1.803927E-001
6.1662019E-008, -1.804289E-001
6.1662389E-008, -1.804380E-001
6.1662759E-008, -1.804470E-001
6.1663130E-008, -1.804651E-001
6.1663500E-008, -1.804742E-001
6.1663870E-008, -1.804832E-001
6.1664241E-008, -1.805466E-001
6.1664611E-008, -1.805466E-001
6.1664981E-008, -1.805918E-001
6.1665352E-008, -1.805556E-001
6.1665722E-008, -1.806190E-001
6.1666093E-008, -1.806371E-001
6.1666463E-008, -1.806371E-001
6.1666833E-008, -1.806733E-001
6.1667204E-008, -1.806733E-001
6.1667574E-008, -1.806824E-001
6.1667944E-008, -1.807276E-001
6.1668315E-008, -1.807005E-001
6.1668685E-008, -1.807638E-001
6.1669056E-008, -1.807910E-001
6.1669426E-008, -1.808000E-001
6.1669796E-008, -1.808181E-001
6.1670167E-008, -1.808272E-001
6.1670537E-008, -1.808634E-001
6.1670907E-008, -1.808906E-001
6.1671278E-008, -1.808906E-001
6.1671648E-008, -1.809358E-001
6.1672019E-008, -1.809358E-001
6.1672389E-008, -1.809811E-001
6.1672759E-008, -1.809992E-001
6.1673130E-008, -1.809992E-001
6.1673500E-008, -1.810354E-001
6.1673870E-008, -1.810444E-001
6.1674241E-008, -1.810897E-001
6.1674611E-008, -1.810806E-001
6.1674981E-008, -1.811169E-001
6.1675352E-008, -1.811440E-001
6.1675722E-008, -1.811712E-001
6.1676093E-008, -1.812074E-001
6.1676463E-008, -1.812164E-001
6.1676833E-008, -1.812526E-001
6.1677204E-008, -1.812979E-001
6.1677574E-008, -1.813069E-001
6.1677944E-008, -1.813250E-001
6.1678315E-008, -1.813613E-001
6.1678685E-008, -1.813703E-001
6.1679056E-008, -1.813703E-001
6.1679426E-008, -1.814337E-001
6.1679796E-008, -1.814608E-001
6.1680167E-008, -1.814699E-001
6.1680537E-008, -1.814970E-001
6.1680907E-008, -1.814970E-001
6.1681278E-008, -1.815604E-001
6.1681648E-008, -1.816057E-001
6.1682019E-008, -1.815966E-001
6.1682389E-008, -1.816328E-001
6.1682759E-008, -1.816238E-001
6.1683130E-008, -1.816962E-001
