Type:          average
Points:        1350
Count:         512
XInc:          3.70370E-013
XOrg:          6.1180200000E-008
YData range:   5.74400E-001
YData center:  -9.00000E-002
Coupling:      50 Ohms
XRange:        5.00000E-010
XOffset:       6.1180200000E-008
YRange:        5.70400E-001
YOffset:       -9.00000E-002
Date:          18 NOV 2019
Time:          10:20:07:49
Frame:         86100C:MY45030871
X Units:       second
Y Units:       Volt
XY Data:
6.1180200E-008, -1.8341E-003
6.1180570E-008, -1.8522E-003
6.1180941E-008, -1.8522E-003
6.1181311E-008, -1.8341E-003
6.1181681E-008, -1.8613E-003
6.1182052E-008, -1.8522E-003
6.1182422E-008, -1.8794E-003
6.1182793E-008, -1.8522E-003
6.1183163E-008, -1.8341E-003
6.1183533E-008, -1.8522E-003
6.1183904E-008, -1.8613E-003
6.1184274E-008, -1.8613E-003
6.1184644E-008, -1.8522E-003
6.1185015E-008, -1.8613E-003
6.1185385E-008, -1.8431E-003
6.1185756E-008, -1.8522E-003
6.1186126E-008, -1.8522E-003
6.1186496E-008, -1.8522E-003
6.1186867E-008, -1.8341E-003
6.1187237E-008, -1.8522E-003
6.1187607E-008, -1.8613E-003
6.1187978E-008, -1.8522E-003
6.1188348E-008, -1.8794E-003
6.1188719E-008, -1.8884E-003
6.1189089E-008, -1.8522E-003
6.1189459E-008, -1.8703E-003
6.1189830E-008, -1.8884E-003
6.1190200E-008, -1.8703E-003
6.1190570E-008, -1.8794E-003
6.1190941E-008, -1.8794E-003
6.1191311E-008, -1.8794E-003
6.1191681E-008, -1.8794E-003
6.1192052E-008, -1.8884E-003
6.1192422E-008, -1.8884E-003
6.1192793E-008, -1.8794E-003
6.1193163E-008, -1.8703E-003
6.1193533E-008, -1.8975E-003
6.1193904E-008, -1.8884E-003
6.1194274E-008, -1.8884E-003
6.1194644E-008, -1.8975E-003
6.1195015E-008, -1.8975E-003
6.1195385E-008, -1.8975E-003
6.1195756E-008, -1.8884E-003
6.1196126E-008, -1.8884E-003
6.1196496E-008, -1.9156E-003
6.1196867E-008, -1.9065E-003
6.1197237E-008, -1.8794E-003
6.1197607E-008, -1.8975E-003
6.1197978E-008, -1.9065E-003
6.1198348E-008, -1.8975E-003
6.1198719E-008, -1.9156E-003
6.1199089E-008, -1.8975E-003
6.1199459E-008, -1.9065E-003
6.1199830E-008, -1.9156E-003
6.1200200E-008, -1.8975E-003
6.1200570E-008, -1.8975E-003
6.1200941E-008, -1.9065E-003
6.1201311E-008, -1.9065E-003
6.1201681E-008, -1.9065E-003
6.1202052E-008, -1.9065E-003
6.1202422E-008, -1.9065E-003
6.1202793E-008, -1.9156E-003
6.1203163E-008, -1.9246E-003
6.1203533E-008, -1.9156E-003
6.1203904E-008, -1.9065E-003
6.1204274E-008, -1.8975E-003
6.1204644E-008, -1.9156E-003
6.1205015E-008, -1.9337E-003
6.1205385E-008, -1.9337E-003
6.1205756E-008, -1.9246E-003
6.1206126E-008, -1.9065E-003
6.1206496E-008, -1.9065E-003
6.1206867E-008, -1.9065E-003
6.1207237E-008, -1.9156E-003
6.1207607E-008, -1.9156E-003
6.1207978E-008, -1.9065E-003
6.1208348E-008, -1.9065E-003
6.1208719E-008, -1.9065E-003
6.1209089E-008, -1.9156E-003
6.1209459E-008, -1.9246E-003
6.1209830E-008, -1.9156E-003
6.1210200E-008, -1.9156E-003
6.1210570E-008, -1.9246E-003
6.1210941E-008, -1.9246E-003
6.1211311E-008, -1.9156E-003
6.1211681E-008, -1.9337E-003
6.1212052E-008, -1.9337E-003
6.1212422E-008, -1.9065E-003
6.1212793E-008, -1.9156E-003
6.1213163E-008, -1.9156E-003
6.1213533E-008, -1.9065E-003
6.1213904E-008, -1.8975E-003
6.1214274E-008, -1.8884E-003
6.1214644E-008, -1.9065E-003
6.1215015E-008, -1.9156E-003
6.1215385E-008, -1.9156E-003
6.1215756E-008, -1.9156E-003
6.1216126E-008, -1.9156E-003
6.1216496E-008, -1.9065E-003
6.1216867E-008, -1.9065E-003
6.1217237E-008, -1.9156E-003
6.1217607E-008, -1.9156E-003
6.1217978E-008, -1.9065E-003
6.1218348E-008, -1.9337E-003
6.1218719E-008, -1.9246E-003
6.1219089E-008, -1.9065E-003
6.1219459E-008, -1.9156E-003
6.1219830E-008, -1.9246E-003
6.1220200E-008, -1.9246E-003
6.1220570E-008, -1.9246E-003
6.1220941E-008, -1.9246E-003
6.1221311E-008, -1.9246E-003
6.1221681E-008, -1.9518E-003
6.1222052E-008, -1.9246E-003
6.1222422E-008, -1.9246E-003
6.1222793E-008, -1.9337E-003
6.1223163E-008, -1.9156E-003
6.1223533E-008, -1.9246E-003
6.1223904E-008, -1.9156E-003
6.1224274E-008, -1.9156E-003
6.1224644E-008, -1.9246E-003
6.1225015E-008, -1.9156E-003
6.1225385E-008, -1.9065E-003
6.1225756E-008, -1.9156E-003
6.1226126E-008, -1.8975E-003
6.1226496E-008, -1.8975E-003
6.1226867E-008, -1.9337E-003
6.1227237E-008, -1.9337E-003
6.1227607E-008, -1.9065E-003
6.1227978E-008, -1.9065E-003
6.1228348E-008, -1.9156E-003
6.1228719E-008, -1.9156E-003
6.1229089E-008, -1.8884E-003
6.1229459E-008, -1.8975E-003
6.1229830E-008, -1.8794E-003
6.1230200E-008, -1.9065E-003
6.1230570E-008, -1.9065E-003
6.1230941E-008, -1.9065E-003
6.1231311E-008, -1.8975E-003
6.1231681E-008, -1.9246E-003
6.1232052E-008, -1.9156E-003
6.1232422E-008, -1.9156E-003
6.1232793E-008, -1.9065E-003
6.1233163E-008, -1.9065E-003
6.1233533E-008, -1.9156E-003
6.1233904E-008, -1.9156E-003
6.1234274E-008, -1.8884E-003
6.1234644E-008, -1.9065E-003
6.1235015E-008, -1.9065E-003
6.1235385E-008, -1.8884E-003
6.1235756E-008, -1.8975E-003
6.1236126E-008, -1.8975E-003
6.1236496E-008, -1.8884E-003
6.1236867E-008, -1.8884E-003
6.1237237E-008, -1.8794E-003
6.1237607E-008, -1.8884E-003
6.1237978E-008, -1.8703E-003
6.1238348E-008, -1.8794E-003
6.1238719E-008, -1.8884E-003
6.1239089E-008, -1.8884E-003
6.1239459E-008, -1.8975E-003
6.1239830E-008, -1.8884E-003
6.1240200E-008, -1.8975E-003
6.1240570E-008, -1.8884E-003
6.1240941E-008, -1.8794E-003
6.1241311E-008, -1.8794E-003
6.1241681E-008, -1.8794E-003
6.1242052E-008, -1.8884E-003
6.1242422E-008, -1.8884E-003
6.1242793E-008, -1.8975E-003
6.1243163E-008, -1.8884E-003
6.1243533E-008, -1.8794E-003
6.1243904E-008, -1.8613E-003
6.1244274E-008, -1.8794E-003
6.1244644E-008, -1.8794E-003
6.1245015E-008, -1.8884E-003
6.1245385E-008, -1.8794E-003
6.1245756E-008, -1.8613E-003
6.1246126E-008, -1.8703E-003
6.1246496E-008, -1.8613E-003
6.1246867E-008, -1.8703E-003
6.1247237E-008, -1.8613E-003
6.1247607E-008, -1.8522E-003
6.1247978E-008, -1.8613E-003
6.1248348E-008, -1.8613E-003
6.1248719E-008, -1.8703E-003
6.1249089E-008, -1.8613E-003
6.1249459E-008, -1.8703E-003
6.1249830E-008, -1.8522E-003
6.1250200E-008, -1.8522E-003
6.1250570E-008, -1.8703E-003
6.1250941E-008, -1.8613E-003
6.1251311E-008, -1.8522E-003
6.1251681E-008, -1.8431E-003
6.1252052E-008, -1.8522E-003
6.1252422E-008, -1.8341E-003
6.1252793E-008, -1.8431E-003
6.1253163E-008, -1.8431E-003
6.1253533E-008, -1.8431E-003
6.1253904E-008, -1.8341E-003
6.1254274E-008, -1.8341E-003
6.1254644E-008, -1.8341E-003
6.1255015E-008, -1.8341E-003
6.1255385E-008, -1.8431E-003
6.1255756E-008, -1.8250E-003
6.1256126E-008, -1.8160E-003
6.1256496E-008, -1.8160E-003
6.1256867E-008, -1.8160E-003
6.1257237E-008, -1.8160E-003
6.1257607E-008, -1.8341E-003
6.1257978E-008, -1.8160E-003
6.1258348E-008, -1.8069E-003
6.1258719E-008, -1.8069E-003
6.1259089E-008, -1.8160E-003
6.1259459E-008, -1.8069E-003
6.1259830E-008, -1.7979E-003
6.1260200E-008, -1.7979E-003
6.1260570E-008, -1.8069E-003
6.1260941E-008, -1.8069E-003
6.1261311E-008, -1.7979E-003
6.1261681E-008, -1.7979E-003
6.1262052E-008, -1.8069E-003
6.1262422E-008, -1.7979E-003
6.1262793E-008, -1.7888E-003
6.1263163E-008, -1.7888E-003
6.1263533E-008, -1.7888E-003
6.1263904E-008, -1.7798E-003
6.1264274E-008, -1.7798E-003
6.1264644E-008, -1.7617E-003
6.1265015E-008, -1.7526E-003
6.1265385E-008, -1.7617E-003
6.1265756E-008, -1.7526E-003
6.1266126E-008, -1.7707E-003
6.1266496E-008, -1.7617E-003
6.1266867E-008, -1.7798E-003
6.1267237E-008, -1.7526E-003
6.1267607E-008, -1.7707E-003
6.1267978E-008, -1.7526E-003
6.1268348E-008, -1.7436E-003
6.1268719E-008, -1.7436E-003
6.1269089E-008, -1.7345E-003
6.1269459E-008, -1.7436E-003
6.1269830E-008, -1.7255E-003
6.1270200E-008, -1.7345E-003
6.1270570E-008, -1.7345E-003
6.1270941E-008, -1.7345E-003
6.1271311E-008, -1.7345E-003
6.1271681E-008, -1.7255E-003
6.1272052E-008, -1.7436E-003
6.1272422E-008, -1.7255E-003
6.1272793E-008, -1.7436E-003
6.1273163E-008, -1.7255E-003
6.1273533E-008, -1.7164E-003
6.1273904E-008, -1.6983E-003
6.1274274E-008, -1.7074E-003
6.1274644E-008, -1.7164E-003
6.1275015E-008, -1.7074E-003
6.1275385E-008, -1.7074E-003
6.1275756E-008, -1.7074E-003
6.1276126E-008, -1.6712E-003
6.1276496E-008, -1.6802E-003
6.1276867E-008, -1.6802E-003
6.1277237E-008, -1.6983E-003
6.1277607E-008, -1.6802E-003
6.1277978E-008, -1.6712E-003
6.1278348E-008, -1.6983E-003
6.1278719E-008, -1.6712E-003
6.1279089E-008, -1.6712E-003
6.1279459E-008, -1.6621E-003
6.1279830E-008, -1.6802E-003
6.1280200E-008, -1.6712E-003
6.1280570E-008, -1.6440E-003
6.1280941E-008, -1.6531E-003
6.1281311E-008, -1.6440E-003
6.1281681E-008, -1.6621E-003
6.1282052E-008, -1.6621E-003
6.1282422E-008, -1.6440E-003
6.1282793E-008, -1.6531E-003
6.1283163E-008, -1.6350E-003
6.1283533E-008, -1.6259E-003
6.1283904E-008, -1.6259E-003
6.1284274E-008, -1.6350E-003
6.1284644E-008, -1.6168E-003
6.1285015E-008, -1.6350E-003
6.1285385E-008, -1.6259E-003
6.1285756E-008, -1.6350E-003
6.1286126E-008, -1.6078E-003
6.1286496E-008, -1.6078E-003
6.1286867E-008, -1.6168E-003
6.1287237E-008, -1.6168E-003
6.1287607E-008, -1.5987E-003
6.1287978E-008, -1.5897E-003
6.1288348E-008, -1.5897E-003
6.1288719E-008, -1.5716E-003
6.1289089E-008, -1.5806E-003
6.1289459E-008, -1.5897E-003
6.1289830E-008, -1.5716E-003
6.1290200E-008, -1.5806E-003
6.1290570E-008, -1.5806E-003
6.1290941E-008, -1.5806E-003
6.1291311E-008, -1.5625E-003
6.1291681E-008, -1.5716E-003
6.1292052E-008, -1.5535E-003
6.1292422E-008, -1.5354E-003
6.1292793E-008, -1.5535E-003
6.1293163E-008, -1.5354E-003
6.1293533E-008, -1.5444E-003
6.1293904E-008, -1.5354E-003
6.1294274E-008, -1.5444E-003
6.1294644E-008, -1.5444E-003
6.1295015E-008, -1.5354E-003
6.1295385E-008, -1.5354E-003
6.1295756E-008, -1.5444E-003
6.1296126E-008, -1.4992E-003
6.1296496E-008, -1.5173E-003
6.1296867E-008, -1.4992E-003
6.1297237E-008, -1.5082E-003
6.1297607E-008, -1.4992E-003
6.1297978E-008, -1.4992E-003
6.1298348E-008, -1.4901E-003
6.1298719E-008, -1.4901E-003
6.1299089E-008, -1.4901E-003
6.1299459E-008, -1.4901E-003
6.1299830E-008, -1.4811E-003
6.1300200E-008, -1.4811E-003
6.1300570E-008, -1.4720E-003
6.1300941E-008, -1.4720E-003
6.1301311E-008, -1.4630E-003
6.1301681E-008, -1.4720E-003
6.1302052E-008, -1.4358E-003
6.1302422E-008, -1.4720E-003
6.1302793E-008, -1.4630E-003
6.1303163E-008, -1.4539E-003
6.1303533E-008, -1.4449E-003
6.1303904E-008, -1.4539E-003
6.1304274E-008, -1.4177E-003
6.1304644E-008, -1.4358E-003
6.1305015E-008, -1.4268E-003
6.1305385E-008, -1.4358E-003
6.1305756E-008, -1.4087E-003
6.1306126E-008, -1.4177E-003
6.1306496E-008, -1.4087E-003
6.1306867E-008, -1.3996E-003
6.1307237E-008, -1.3996E-003
6.1307607E-008, -1.4087E-003
6.1307978E-008, -1.4087E-003
6.1308348E-008, -1.3906E-003
6.1308719E-008, -1.3815E-003
6.1309089E-008, -1.3815E-003
6.1309459E-008, -1.3906E-003
6.1309830E-008, -1.3724E-003
6.1310200E-008, -1.3724E-003
6.1310570E-008, -1.3724E-003
6.1310941E-008, -1.3543E-003
6.1311311E-008, -1.3724E-003
6.1311681E-008, -1.3634E-003
6.1312052E-008, -1.3453E-003
6.1312422E-008, -1.3634E-003
6.1312793E-008, -1.3543E-003
6.1313163E-008, -1.3362E-003
6.1313533E-008, -1.3543E-003
6.1313904E-008, -1.3362E-003
6.1314274E-008, -1.3362E-003
6.1314644E-008, -1.3272E-003
6.1315015E-008, -1.3362E-003
6.1315385E-008, -1.3091E-003
6.1315756E-008, -1.3091E-003
6.1316126E-008, -1.3000E-003
6.1316496E-008, -1.3091E-003
6.1316867E-008, -1.3181E-003
6.1317237E-008, -1.2910E-003
6.1317607E-008, -1.3091E-003
6.1317978E-008, -1.3000E-003
6.1318348E-008, -1.3000E-003
6.1318719E-008, -1.3000E-003
6.1319089E-008, -1.2819E-003
6.1319459E-008, -1.2729E-003
6.1319830E-008, -1.2819E-003
6.1320200E-008, -1.2910E-003
6.1320570E-008, -1.2910E-003
6.1320941E-008, -1.2819E-003
6.1321311E-008, -1.2819E-003
6.1321681E-008, -1.2819E-003
6.1322052E-008, -1.2638E-003
6.1322422E-008, -1.2638E-003
6.1322793E-008, -1.2729E-003
6.1323163E-008, -1.2729E-003
6.1323533E-008, -1.2729E-003
6.1323904E-008, -1.2729E-003
6.1324274E-008, -1.2638E-003
6.1324644E-008, -1.2638E-003
6.1325015E-008, -1.2819E-003
6.1325385E-008, -1.2819E-003
6.1325756E-008, -1.2729E-003
6.1326126E-008, -1.2910E-003
6.1326496E-008, -1.2729E-003
6.1326867E-008, -1.2910E-003
6.1327237E-008, -1.2819E-003
6.1327607E-008, -1.2819E-003
6.1327978E-008, -1.2819E-003
6.1328348E-008, -1.2910E-003
6.1328719E-008, -1.3000E-003
6.1329089E-008, -1.2910E-003
6.1329459E-008, -1.3181E-003
6.1329830E-008, -1.2910E-003
6.1330200E-008, -1.3181E-003
6.1330570E-008, -1.3181E-003
6.1330941E-008, -1.3181E-003
6.1331311E-008, -1.3272E-003
6.1331681E-008, -1.3453E-003
6.1332052E-008, -1.3362E-003
6.1332422E-008, -1.3453E-003
6.1332793E-008, -1.3543E-003
6.1333163E-008, -1.3634E-003
6.1333533E-008, -1.3815E-003
6.1333904E-008, -1.3815E-003
6.1334274E-008, -1.4177E-003
6.1334644E-008, -1.4177E-003
6.1335015E-008, -1.4177E-003
6.1335385E-008, -1.4177E-003
6.1335756E-008, -1.4449E-003
6.1336126E-008, -1.4539E-003
6.1336496E-008, -1.4630E-003
6.1336867E-008, -1.4901E-003
6.1337237E-008, -1.5173E-003
6.1337607E-008, -1.5354E-003
6.1337978E-008, -1.5444E-003
6.1338348E-008, -1.5625E-003
6.1338719E-008, -1.5716E-003
6.1339089E-008, -1.5987E-003
6.1339459E-008, -1.6078E-003
6.1339830E-008, -1.6621E-003
6.1340200E-008, -1.6531E-003
6.1340570E-008, -1.6893E-003
6.1340941E-008, -1.7074E-003
6.1341311E-008, -1.7436E-003
6.1341681E-008, -1.7617E-003
6.1342052E-008, -1.8069E-003
6.1342422E-008, -1.8160E-003
6.1342793E-008, -1.8613E-003
6.1343163E-008, -1.8794E-003
6.1343533E-008, -1.9246E-003
6.1343904E-008, -1.9518E-003
6.1344274E-008, -1.9608E-003
6.1344644E-008, -2.0332E-003
6.1345015E-008, -2.0604E-003
6.1345385E-008, -2.1057E-003
6.1345756E-008, -2.1509E-003
6.1346126E-008, -2.1781E-003
6.1346496E-008, -2.2143E-003
6.1346867E-008, -2.2505E-003
6.1347237E-008, -2.2867E-003
6.1347607E-008, -2.3410E-003
6.1347978E-008, -2.4134E-003
6.1348348E-008, -2.4496E-003
6.1348719E-008, -2.4949E-003
6.1349089E-008, -2.5673E-003
6.1349459E-008, -2.6035E-003
6.1349830E-008, -2.6488E-003
6.1350200E-008, -2.7031E-003
6.1350570E-008, -2.7755E-003
6.1350941E-008, -2.8389E-003
6.1351311E-008, -2.8841E-003
6.1351681E-008, -2.9565E-003
6.1352052E-008, -3.0561E-003
6.1352422E-008, -3.1104E-003
6.1352793E-008, -3.1557E-003
6.1353163E-008, -3.2281E-003
6.1353533E-008, -3.3548E-003
6.1353904E-008, -3.4091E-003
6.1354274E-008, -3.4906E-003
6.1354644E-008, -3.5630E-003
6.1355015E-008, -3.6173E-003
6.1355385E-008, -3.6716E-003
6.1355756E-008, -3.7712E-003
6.1356126E-008, -3.8255E-003
6.1356496E-008, -3.9251E-003
6.1356867E-008, -4.0971E-003
6.1357237E-008, -4.1423E-003
6.1357607E-008, -4.2962E-003
6.1357978E-008, -4.2872E-003
6.1358348E-008, -4.4139E-003
6.1358719E-008, -4.4954E-003
6.1359089E-008, -4.6583E-003
6.1359459E-008, -4.7307E-003
6.1359830E-008, -4.8484E-003
6.1360200E-008, -4.9389E-003
6.1360570E-008, -5.0294E-003
6.1360941E-008, -5.1924E-003
6.1361311E-008, -5.1924E-003
6.1361681E-008, -5.4368E-003
6.1362052E-008, -5.4911E-003
6.1362422E-008, -5.6902E-003
6.1362793E-008, -5.8170E-003
6.1363163E-008, -5.9075E-003
6.1363533E-008, -6.0885E-003
6.1363904E-008, -6.1790E-003
6.1364274E-008, -6.3148E-003
6.1364644E-008, -6.4053E-003
6.1365015E-008, -6.6135E-003
6.1365385E-008, -6.6497E-003
6.1365756E-008, -6.8670E-003
6.1366126E-008, -6.9575E-003
6.1366496E-008, -7.0752E-003
6.1366867E-008, -7.2562E-003
6.1367237E-008, -7.3467E-003
6.1367607E-008, -7.5911E-003
6.1367978E-008, -7.6998E-003
6.1368348E-008, -7.9442E-003
6.1368719E-008, -8.1071E-003
6.1369089E-008, -8.2429E-003
6.1369459E-008, -8.3696E-003
6.1369830E-008, -8.4692E-003
6.1370200E-008, -8.8041E-003
6.1370570E-008, -8.8675E-003
6.1370941E-008, -9.0304E-003
6.1371311E-008, -9.2386E-003
6.1371681E-008, -9.4468E-003
6.1372052E-008, -9.6912E-003
6.1372422E-008, -9.8903E-003
6.1372793E-008, -9.9627E-003
6.1373163E-008, -1.02615E-002
6.1373533E-008, -1.04063E-002
6.1373904E-008, -1.06416E-002
6.1374274E-008, -1.09222E-002
6.1374644E-008, -1.10761E-002
6.1375015E-008, -1.12029E-002
6.1375385E-008, -1.14925E-002
6.1375756E-008, -1.15197E-002
6.1376126E-008, -1.17460E-002
6.1376496E-008, -1.20266E-002
6.1376867E-008, -1.22257E-002
6.1377237E-008, -1.24792E-002
6.1377607E-008, -1.27055E-002
6.1377978E-008, -1.29861E-002
6.1378348E-008, -1.32576E-002
6.1378719E-008, -1.33572E-002
6.1379089E-008, -1.36650E-002
6.1379459E-008, -1.39094E-002
6.1379830E-008, -1.42443E-002
6.1380200E-008, -1.43891E-002
6.1380570E-008, -1.46426E-002
6.1380941E-008, -1.48960E-002
6.1381311E-008, -1.51948E-002
6.1381681E-008, -1.53396E-002
6.1382052E-008, -1.56836E-002
6.1382422E-008, -1.59370E-002
6.1382793E-008, -1.62176E-002
6.1383163E-008, -1.65797E-002
6.1383533E-008, -1.67879E-002
6.1383904E-008, -1.69237E-002
6.1384274E-008, -1.72858E-002
6.1384644E-008, -1.76478E-002
6.1385015E-008, -1.77836E-002
6.1385385E-008, -1.81638E-002
6.1385756E-008, -1.84987E-002
6.1386126E-008, -1.88155E-002
6.1386496E-008, -1.90871E-002
6.1386867E-008, -1.95306E-002
6.1387237E-008, -1.95850E-002
6.1387607E-008, -2.00738E-002
6.1387978E-008, -2.03363E-002
6.1388348E-008, -2.07527E-002
6.1388719E-008, -2.10152E-002
6.1389089E-008, -2.14225E-002
6.1389459E-008, -2.18117E-002
6.1389830E-008, -2.19204E-002
6.1390200E-008, -2.24997E-002
6.1390570E-008, -2.28346E-002
6.1390941E-008, -2.31424E-002
6.1391311E-008, -2.34411E-002
6.1391681E-008, -2.40385E-002
6.1392052E-008, -2.41652E-002
6.1392422E-008, -2.44640E-002
6.1392793E-008, -2.50433E-002
6.1393163E-008, -2.53510E-002
6.1393533E-008, -2.55592E-002
6.1393904E-008, -2.62019E-002
6.1394274E-008, -2.64192E-002
6.1394644E-008, -2.70075E-002
6.1395015E-008, -2.73696E-002
6.1395385E-008, -2.76955E-002
6.1395756E-008, -2.83382E-002
6.1396126E-008, -2.85735E-002
6.1396496E-008, -2.89356E-002
6.1396867E-008, -2.92162E-002
6.1397237E-008, -2.97050E-002
6.1397607E-008, -3.01667E-002
6.1397978E-008, -3.06283E-002
6.1398348E-008, -3.11895E-002
6.1398719E-008, -3.16150E-002
6.1399089E-008, -3.19771E-002
6.1399459E-008, -3.25926E-002
6.1399830E-008, -3.27827E-002
6.1400200E-008, -3.33167E-002
6.1400570E-008, -3.39775E-002
6.1400941E-008, -3.42944E-002
6.1401311E-008, -3.49823E-002
6.1401681E-008, -3.55164E-002
6.1402052E-008, -3.57789E-002
6.1402422E-008, -3.63310E-002
6.1402793E-008, -3.69013E-002
6.1403163E-008, -3.72906E-002
6.1403533E-008, -3.77341E-002
6.1403904E-008, -3.81776E-002
6.1404274E-008, -3.88565E-002
6.1404644E-008, -3.95535E-002
6.1405015E-008, -3.96622E-002
6.1405385E-008, -4.05764E-002
6.1405756E-008, -4.08208E-002
6.1406126E-008, -4.15631E-002
6.1406496E-008, -4.22148E-002
6.1406867E-008, -4.24683E-002
6.1407237E-008, -4.33463E-002
6.1407607E-008, -4.36541E-002
6.1407978E-008, -4.45502E-002
6.1408348E-008, -4.48399E-002
6.1408719E-008, -4.51929E-002
6.1409089E-008, -4.58627E-002
6.1409459E-008, -4.64149E-002
6.1409830E-008, -4.69218E-002
6.1410200E-008, -4.77999E-002
6.1410570E-008, -4.84063E-002
6.1410941E-008, -4.89223E-002
6.1411311E-008, -4.95831E-002
6.1411681E-008, -5.01353E-002
6.1412052E-008, -5.06150E-002
6.1412422E-008, -5.14930E-002
6.1412793E-008, -5.21176E-002
6.1413163E-008, -5.26789E-002
6.1413533E-008, -5.32310E-002
6.1413904E-008, -5.37922E-002
6.1414274E-008, -5.40185E-002
6.1414644E-008, -5.49418E-002
6.1415015E-008, -5.57475E-002
6.1415385E-008, -5.62725E-002
6.1415756E-008, -5.71143E-002
6.1416126E-008, -5.78294E-002
6.1416496E-008, -5.84811E-002
6.1416867E-008, -5.87980E-002
6.1417237E-008, -5.92415E-002
6.1417607E-008, -6.00743E-002
6.1417978E-008, -6.08347E-002
6.1418348E-008, -6.15769E-002
6.1418719E-008, -6.22015E-002
6.1419089E-008, -6.27265E-002
6.1419459E-008, -6.33511E-002
6.1419830E-008, -6.39485E-002
6.1420200E-008, -6.51524E-002
6.1420570E-008, -6.53787E-002
6.1420941E-008, -6.59943E-002
6.1421311E-008, -6.67275E-002
6.1421681E-008, -6.73973E-002
6.1422052E-008, -6.77322E-002
6.1422422E-008, -6.87460E-002
6.1422793E-008, -6.93887E-002
6.1423163E-008, -7.02487E-002
6.1423533E-008, -7.06470E-002
6.1423904E-008, -7.13440E-002
6.1424274E-008, -7.22944E-002
6.1424644E-008, -7.27289E-002
6.1425015E-008, -7.34440E-002
6.1425385E-008, -7.48380E-002
6.1425756E-008, -7.52634E-002
6.1426126E-008, -7.59785E-002
6.1426496E-008, -7.67480E-002
6.1426867E-008, -7.73273E-002
6.1427237E-008, -7.80333E-002
6.1427607E-008, -7.81601E-002
6.1427978E-008, -7.92101E-002
6.1428348E-008, -8.00157E-002
6.1428719E-008, -8.06222E-002
6.1429089E-008, -8.16632E-002
6.1429459E-008, -8.22878E-002
6.1429830E-008, -8.31477E-002
6.1430200E-008, -8.37904E-002
6.1430570E-008, -8.43606E-002
6.1430941E-008, -8.50576E-002
6.1431311E-008, -8.58271E-002
6.1431681E-008, -8.63973E-002
6.1432052E-008, -8.73659E-002
6.1432422E-008, -8.78185E-002
6.1432793E-008, -8.87780E-002
6.1433163E-008, -8.90586E-002
6.1433533E-008, -9.00543E-002
6.1433904E-008, -9.06517E-002
6.1434274E-008, -9.15026E-002
6.1434644E-008, -9.21453E-002
6.1435015E-008, -9.30143E-002
6.1435385E-008, -9.38109E-002
6.1435756E-008, -9.41639E-002
6.1436126E-008, -9.49605E-002
6.1436496E-008, -9.54493E-002
6.1436867E-008, -9.62458E-002
6.1437237E-008, -9.69610E-002
6.1437607E-008, -9.75312E-002
6.1437978E-008, -9.86537E-002
6.1438348E-008, -9.90067E-002
6.1438719E-008, -1.000386E-001
6.1439089E-008, -1.010072E-001
6.1439459E-008, -1.009891E-001
6.1439830E-008, -1.019576E-001
6.1440200E-008, -1.026727E-001
6.1440570E-008, -1.030167E-001
6.1440941E-008, -1.042025E-001
6.1441311E-008, -1.046279E-001
6.1441681E-008, -1.053612E-001
6.1442052E-008, -1.062935E-001
6.1442422E-008, -1.066737E-001
6.1442793E-008, -1.076784E-001
6.1443163E-008, -1.080677E-001
6.1443533E-008, -1.094074E-001
6.1443904E-008, -1.096789E-001
6.1444274E-008, -1.103126E-001
6.1444644E-008, -1.109915E-001
6.1445015E-008, -1.117066E-001
6.1445385E-008, -1.126027E-001
6.1445756E-008, -1.130281E-001
6.1446126E-008, -1.135622E-001
6.1446496E-008, -1.146303E-001
6.1446867E-008, -1.152097E-001
6.1447237E-008, -1.157256E-001
6.1447607E-008, -1.164679E-001
6.1447978E-008, -1.171468E-001
6.1448348E-008, -1.179343E-001
6.1448719E-008, -1.183326E-001
6.1449089E-008, -1.191925E-001
6.1449459E-008, -1.195636E-001
6.1449830E-008, -1.203602E-001
6.1450200E-008, -1.206861E-001
6.1450570E-008, -1.215189E-001
6.1450941E-008, -1.223245E-001
6.1451311E-008, -1.225870E-001
6.1451681E-008, -1.235556E-001
6.1452052E-008, -1.241439E-001
6.1452422E-008, -1.245151E-001
6.1452793E-008, -1.253116E-001
6.1453163E-008, -1.257552E-001
6.1453533E-008, -1.267418E-001
6.1453904E-008, -1.271220E-001
6.1454274E-008, -1.278371E-001
6.1454644E-008, -1.284708E-001
6.1455015E-008, -1.288509E-001
6.1455385E-008, -1.296294E-001
6.1455756E-008, -1.302449E-001
6.1456126E-008, -1.308243E-001
6.1456496E-008, -1.316570E-001
6.1456867E-008, -1.319739E-001
6.1457237E-008, -1.324355E-001
6.1457607E-008, -1.330872E-001
6.1457978E-008, -1.337299E-001
6.1458348E-008, -1.341011E-001
6.1458719E-008, -1.348886E-001
6.1459089E-008, -1.353140E-001
6.1459459E-008, -1.357304E-001
6.1459830E-008, -1.363550E-001
6.1460200E-008, -1.367623E-001
6.1460570E-008, -1.373417E-001
6.1460941E-008, -1.380658E-001
6.1461311E-008, -1.389167E-001
6.1461681E-008, -1.388986E-001
6.1462052E-008, -1.396318E-001
6.1462422E-008, -1.402292E-001
6.1462793E-008, -1.405008E-001
6.1463163E-008, -1.413607E-001
6.1463533E-008, -1.415327E-001
6.1463904E-008, -1.420849E-001
6.1464274E-008, -1.428633E-001
6.1464644E-008, -1.431259E-001
6.1465015E-008, -1.436328E-001
6.1465385E-008, -1.440492E-001
6.1465756E-008, -1.446556E-001
6.1466126E-008, -1.453798E-001
6.1466496E-008, -1.456876E-001
6.1466867E-008, -1.459229E-001
6.1467237E-008, -1.466018E-001
6.1467607E-008, -1.472535E-001
6.1467978E-008, -1.474074E-001
6.1468348E-008, -1.477242E-001
6.1468719E-008, -1.485389E-001
6.1469089E-008, -1.487471E-001
6.1469459E-008, -1.489915E-001
6.1469830E-008, -1.496704E-001
6.1470200E-008, -1.500144E-001
6.1470570E-008, -1.504217E-001
6.1470941E-008, -1.505484E-001
6.1471311E-008, -1.511821E-001
6.1471681E-008, -1.518429E-001
6.1472052E-008, -1.520873E-001
6.1472422E-008, -1.528295E-001
6.1472793E-008, -1.529744E-001
6.1473163E-008, -1.533002E-001
6.1473533E-008, -1.538434E-001
6.1473904E-008, -1.542145E-001
6.1474274E-008, -1.543503E-001
6.1474644E-008, -1.549024E-001
6.1475015E-008, -1.553731E-001
6.1475385E-008, -1.556537E-001
6.1475756E-008, -1.558891E-001
6.1476126E-008, -1.561606E-001
6.1476496E-008, -1.565680E-001
6.1476867E-008, -1.568395E-001
6.1477237E-008, -1.573374E-001
6.1477607E-008, -1.577538E-001
6.1477978E-008, -1.579620E-001
6.1478348E-008, -1.583241E-001
6.1478719E-008, -1.587767E-001
6.1479089E-008, -1.590120E-001
6.1479459E-008, -1.595642E-001
6.1479830E-008, -1.597181E-001
6.1480200E-008, -1.600258E-001
6.1480570E-008, -1.601616E-001
6.1480941E-008, -1.605237E-001
6.1481311E-008, -1.609129E-001
6.1481681E-008, -1.612116E-001
6.1482052E-008, -1.614560E-001
6.1482422E-008, -1.615284E-001
6.1482793E-008, -1.618453E-001
6.1483163E-008, -1.622436E-001
6.1483533E-008, -1.624970E-001
6.1483904E-008, -1.629496E-001
6.1484274E-008, -1.630401E-001
6.1484644E-008, -1.632755E-001
6.1485015E-008, -1.636919E-001
6.1485385E-008, -1.638820E-001
6.1485756E-008, -1.639363E-001
6.1486126E-008, -1.645065E-001
6.1486496E-008, -1.645880E-001
6.1486867E-008, -1.648505E-001
6.1487237E-008, -1.650225E-001
6.1487607E-008, -1.653122E-001
6.1487978E-008, -1.656018E-001
6.1488348E-008, -1.658191E-001
6.1488719E-008, -1.660906E-001
6.1489089E-008, -1.662355E-001
6.1489459E-008, -1.664437E-001
6.1489830E-008, -1.665432E-001
6.1490200E-008, -1.668419E-001
6.1490570E-008, -1.671225E-001
6.1490941E-008, -1.671678E-001
6.1491311E-008, -1.673307E-001
6.1491681E-008, -1.676566E-001
6.1492052E-008, -1.678286E-001
6.1492422E-008, -1.681273E-001
6.1492793E-008, -1.681273E-001
6.1493163E-008, -1.683627E-001
6.1493533E-008, -1.686523E-001
6.1493904E-008, -1.687791E-001
6.1494274E-008, -1.689329E-001
6.1494644E-008, -1.691773E-001
6.1495015E-008, -1.692226E-001
6.1495385E-008, -1.694308E-001
6.1495756E-008, -1.695847E-001
6.1496126E-008, -1.697838E-001
6.1496496E-008, -1.698743E-001
6.1496867E-008, -1.700916E-001
6.1497237E-008, -1.702545E-001
6.1497607E-008, -1.703903E-001
6.1497978E-008, -1.705351E-001
6.1498348E-008, -1.707071E-001
6.1498719E-008, -1.708248E-001
6.1499089E-008, -1.709877E-001
6.1499459E-008, -1.710239E-001
6.1499830E-008, -1.712412E-001
6.1500200E-008, -1.714403E-001
6.1500570E-008, -1.714765E-001
6.1500941E-008, -1.716033E-001
6.1501311E-008, -1.717752E-001
6.1501681E-008, -1.718567E-001
6.1502052E-008, -1.719382E-001
6.1502422E-008, -1.720287E-001
6.1502793E-008, -1.721373E-001
6.1503163E-008, -1.722459E-001
6.1503533E-008, -1.724179E-001
6.1503904E-008, -1.725266E-001
6.1504274E-008, -1.725899E-001
6.1504644E-008, -1.727438E-001
6.1505015E-008, -1.728524E-001
6.1505385E-008, -1.729882E-001
6.1505756E-008, -1.730063E-001
6.1506126E-008, -1.731240E-001
6.1506496E-008, -1.732326E-001
6.1506867E-008, -1.733231E-001
6.1507237E-008, -1.734046E-001
6.1507607E-008, -1.734680E-001
6.1507978E-008, -1.735675E-001
6.1508348E-008, -1.736852E-001
6.1508719E-008, -1.737938E-001
6.1509089E-008, -1.738210E-001
6.1509459E-008, -1.739025E-001
6.1509830E-008, -1.740020E-001
6.1510200E-008, -1.740654E-001
6.1510570E-008, -1.741469E-001
6.1510941E-008, -1.742283E-001
6.1511311E-008, -1.742917E-001
6.1511681E-008, -1.743732E-001
6.1512052E-008, -1.743822E-001
6.1512422E-008, -1.744727E-001
6.1512793E-008, -1.745632E-001
6.1513163E-008, -1.746357E-001
6.1513533E-008, -1.746538E-001
6.1513904E-008, -1.747352E-001
6.1514274E-008, -1.747714E-001
6.1514644E-008, -1.748348E-001
6.1515015E-008, -1.748891E-001
6.1515385E-008, -1.749434E-001
6.1515756E-008, -1.749977E-001
6.1516126E-008, -1.750521E-001
6.1516496E-008, -1.750792E-001
6.1516867E-008, -1.751154E-001
6.1517237E-008, -1.752059E-001
6.1517607E-008, -1.752150E-001
6.1517978E-008, -1.752783E-001
6.1518348E-008, -1.753055E-001
6.1518719E-008, -1.753598E-001
6.1519089E-008, -1.753960E-001
6.1519459E-008, -1.754413E-001
6.1519830E-008, -1.754232E-001
6.1520200E-008, -1.755046E-001
6.1520570E-008, -1.755228E-001
6.1520941E-008, -1.755409E-001
6.1521311E-008, -1.755680E-001
6.1521681E-008, -1.756042E-001
6.1522052E-008, -1.756314E-001
6.1522422E-008, -1.756585E-001
6.1522793E-008, -1.756947E-001
6.1523163E-008, -1.756947E-001
6.1523533E-008, -1.757309E-001
6.1523904E-008, -1.757672E-001
6.1524274E-008, -1.757853E-001
6.1524644E-008, -1.758486E-001
6.1525015E-008, -1.758667E-001
6.1525385E-008, -1.758667E-001
6.1525756E-008, -1.758939E-001
6.1526126E-008, -1.759301E-001
6.1526496E-008, -1.759391E-001
6.1526867E-008, -1.759482E-001
6.1527237E-008, -1.759753E-001
6.1527607E-008, -1.759753E-001
6.1527978E-008, -1.760025E-001
6.1528348E-008, -1.760206E-001
6.1528719E-008, -1.760206E-001
6.1529089E-008, -1.760206E-001
6.1529459E-008, -1.760659E-001
6.1529830E-008, -1.760478E-001
6.1530200E-008, -1.760930E-001
6.1530570E-008, -1.761021E-001
6.1530941E-008, -1.761111E-001
6.1531311E-008, -1.761111E-001
6.1531681E-008, -1.761202E-001
6.1532052E-008, -1.761292E-001
6.1532422E-008, -1.761383E-001
6.1532793E-008, -1.761835E-001
6.1533163E-008, -1.761654E-001
6.1533533E-008, -1.761745E-001
6.1533904E-008, -1.761926E-001
6.1534274E-008, -1.762107E-001
6.1534644E-008, -1.761926E-001
6.1535015E-008, -1.761835E-001
6.1535385E-008, -1.762379E-001
6.1535756E-008, -1.762198E-001
6.1536126E-008, -1.762198E-001
6.1536496E-008, -1.762198E-001
6.1536867E-008, -1.762469E-001
6.1537237E-008, -1.762560E-001
6.1537607E-008, -1.762469E-001
6.1537978E-008, -1.762288E-001
6.1538348E-008, -1.762560E-001
6.1538719E-008, -1.762560E-001
6.1539089E-008, -1.762831E-001
6.1539459E-008, -1.762741E-001
6.1539830E-008, -1.762922E-001
6.1540200E-008, -1.762922E-001
6.1540570E-008, -1.762922E-001
6.1540941E-008, -1.763012E-001
6.1541311E-008, -1.763012E-001
6.1541681E-008, -1.763012E-001
6.1542052E-008, -1.763374E-001
6.1542422E-008, -1.763284E-001
6.1542793E-008, -1.763103E-001
6.1543163E-008, -1.763193E-001
6.1543533E-008, -1.763465E-001
6.1543904E-008, -1.763465E-001
6.1544274E-008, -1.763465E-001
6.1544644E-008, -1.763646E-001
6.1545015E-008, -1.763465E-001
6.1545385E-008, -1.763736E-001
6.1545756E-008, -1.763736E-001
6.1546126E-008, -1.763917E-001
6.1546496E-008, -1.763917E-001
6.1546867E-008, -1.763917E-001
6.1547237E-008, -1.763917E-001
6.1547607E-008, -1.763917E-001
6.1547978E-008, -1.764279E-001
6.1548348E-008, -1.764189E-001
6.1548719E-008, -1.764098E-001
6.1549089E-008, -1.764098E-001
6.1549459E-008, -1.763917E-001
6.1549830E-008, -1.764098E-001
6.1550200E-008, -1.764279E-001
6.1550570E-008, -1.764189E-001
6.1550941E-008, -1.764279E-001
6.1551311E-008, -1.764370E-001
6.1551681E-008, -1.764460E-001
6.1552052E-008, -1.764551E-001
6.1552422E-008, -1.764551E-001
6.1552793E-008, -1.764732E-001
6.1553163E-008, -1.764823E-001
6.1553533E-008, -1.764913E-001
6.1553904E-008, -1.765094E-001
6.1554274E-008, -1.765004E-001
6.1554644E-008, -1.765275E-001
6.1555015E-008, -1.765185E-001
6.1555385E-008, -1.765185E-001
6.1555756E-008, -1.765185E-001
6.1556126E-008, -1.765275E-001
6.1556496E-008, -1.765275E-001
6.1556867E-008, -1.765456E-001
6.1557237E-008, -1.765637E-001
6.1557607E-008, -1.765728E-001
6.1557978E-008, -1.765637E-001
6.1558348E-008, -1.765818E-001
6.1558719E-008, -1.766180E-001
6.1559089E-008, -1.766361E-001
6.1559459E-008, -1.766361E-001
6.1559830E-008, -1.766180E-001
6.1560200E-008, -1.766452E-001
6.1560570E-008, -1.766452E-001
6.1560941E-008, -1.766542E-001
6.1561311E-008, -1.766723E-001
6.1561681E-008, -1.767086E-001
6.1562052E-008, -1.766995E-001
6.1562422E-008, -1.767086E-001
6.1562793E-008, -1.767357E-001
6.1563163E-008, -1.767267E-001
6.1563533E-008, -1.767629E-001
6.1563904E-008, -1.767629E-001
6.1564274E-008, -1.767719E-001
6.1564644E-008, -1.767900E-001
6.1565015E-008, -1.767991E-001
6.1565385E-008, -1.767991E-001
6.1565756E-008, -1.768353E-001
6.1566126E-008, -1.768353E-001
6.1566496E-008, -1.768353E-001
6.1566867E-008, -1.768624E-001
6.1567237E-008, -1.768805E-001
6.1567607E-008, -1.768805E-001
6.1567978E-008, -1.768986E-001
6.1568348E-008, -1.769168E-001
6.1568719E-008, -1.769258E-001
6.1569089E-008, -1.769620E-001
6.1569459E-008, -1.769530E-001
6.1569830E-008, -1.769892E-001
6.1570200E-008, -1.769711E-001
6.1570570E-008, -1.769982E-001
6.1570941E-008, -1.770344E-001
6.1571311E-008, -1.770163E-001
6.1571681E-008, -1.770344E-001
6.1572052E-008, -1.770706E-001
6.1572422E-008, -1.770797E-001
6.1572793E-008, -1.770978E-001
6.1573163E-008, -1.771340E-001
6.1573533E-008, -1.771430E-001
6.1573904E-008, -1.771340E-001
6.1574274E-008, -1.771521E-001
6.1574644E-008, -1.771702E-001
6.1575015E-008, -1.771612E-001
6.1575385E-008, -1.772245E-001
6.1575756E-008, -1.771974E-001
6.1576126E-008, -1.772336E-001
6.1576496E-008, -1.772607E-001
6.1576867E-008, -1.772517E-001
6.1577237E-008, -1.772607E-001
6.1577607E-008, -1.773060E-001
6.1577978E-008, -1.773241E-001
6.1578348E-008, -1.773150E-001
6.1578719E-008, -1.773422E-001
6.1579089E-008, -1.773875E-001
6.1579459E-008, -1.773784E-001
6.1579830E-008, -1.773875E-001
6.1580200E-008, -1.774056E-001
6.1580570E-008, -1.774237E-001
6.1580941E-008, -1.774418E-001
6.1581311E-008, -1.774689E-001
6.1581681E-008, -1.774870E-001
6.1582052E-008, -1.774961E-001
6.1582422E-008, -1.774961E-001
6.1582793E-008, -1.775413E-001
6.1583163E-008, -1.775232E-001
6.1583533E-008, -1.775323E-001
6.1583904E-008, -1.775866E-001
6.1584274E-008, -1.775504E-001
6.1584644E-008, -1.775866E-001
6.1585015E-008, -1.775866E-001
6.1585385E-008, -1.776137E-001
6.1585756E-008, -1.776228E-001
6.1586126E-008, -1.776409E-001
6.1586496E-008, -1.776409E-001
6.1586867E-008, -1.776771E-001
6.1587237E-008, -1.776590E-001
6.1587607E-008, -1.776862E-001
6.1587978E-008, -1.776862E-001
6.1588348E-008, -1.777133E-001
6.1588719E-008, -1.777043E-001
6.1589089E-008, -1.777224E-001
6.1589459E-008, -1.777405E-001
6.1589830E-008, -1.777495E-001
6.1590200E-008, -1.777676E-001
6.1590570E-008, -1.777676E-001
6.1590941E-008, -1.777495E-001
6.1591311E-008, -1.777857E-001
6.1591681E-008, -1.778219E-001
6.1592052E-008, -1.778038E-001
6.1592422E-008, -1.778038E-001
6.1592793E-008, -1.778129E-001
6.1593163E-008, -1.778491E-001
6.1593533E-008, -1.778582E-001
6.1593904E-008, -1.778310E-001
6.1594274E-008, -1.778582E-001
6.1594644E-008, -1.778672E-001
6.1595015E-008, -1.778853E-001
6.1595385E-008, -1.778944E-001
6.1595756E-008, -1.778944E-001
6.1596126E-008, -1.778763E-001
6.1596496E-008, -1.779034E-001
6.1596867E-008, -1.779125E-001
6.1597237E-008, -1.779125E-001
6.1597607E-008, -1.779396E-001
6.1597978E-008, -1.779125E-001
6.1598348E-008, -1.779215E-001
6.1598719E-008, -1.779577E-001
6.1599089E-008, -1.779487E-001
6.1599459E-008, -1.779396E-001
6.1599830E-008, -1.779396E-001
6.1600200E-008, -1.779396E-001
6.1600570E-008, -1.779487E-001
6.1600941E-008, -1.779487E-001
6.1601311E-008, -1.779668E-001
6.1601681E-008, -1.779487E-001
6.1602052E-008, -1.779577E-001
6.1602422E-008, -1.779668E-001
6.1602793E-008, -1.779758E-001
6.1603163E-008, -1.779668E-001
6.1603533E-008, -1.779849E-001
6.1603904E-008, -1.779577E-001
6.1604274E-008, -1.779849E-001
6.1604644E-008, -1.779939E-001
6.1605015E-008, -1.779668E-001
6.1605385E-008, -1.779849E-001
6.1605756E-008, -1.779758E-001
6.1606126E-008, -1.779758E-001
6.1606496E-008, -1.779939E-001
6.1606867E-008, -1.780030E-001
6.1607237E-008, -1.779758E-001
6.1607607E-008, -1.779849E-001
6.1607978E-008, -1.780030E-001
6.1608348E-008, -1.780030E-001
6.1608719E-008, -1.779939E-001
6.1609089E-008, -1.779939E-001
6.1609459E-008, -1.780120E-001
6.1609830E-008, -1.779849E-001
6.1610200E-008, -1.779849E-001
6.1610570E-008, -1.779758E-001
6.1610941E-008, -1.780030E-001
6.1611311E-008, -1.779939E-001
6.1611681E-008, -1.779758E-001
6.1612052E-008, -1.779668E-001
6.1612422E-008, -1.779758E-001
6.1612793E-008, -1.779849E-001
6.1613163E-008, -1.779849E-001
6.1613533E-008, -1.779849E-001
6.1613904E-008, -1.779758E-001
6.1614274E-008, -1.779849E-001
6.1614644E-008, -1.779758E-001
6.1615015E-008, -1.779939E-001
6.1615385E-008, -1.779939E-001
6.1615756E-008, -1.779758E-001
6.1616126E-008, -1.779849E-001
6.1616496E-008, -1.779668E-001
6.1616867E-008, -1.779758E-001
6.1617237E-008, -1.779849E-001
6.1617607E-008, -1.779849E-001
6.1617978E-008, -1.779849E-001
6.1618348E-008, -1.779668E-001
6.1618719E-008, -1.779849E-001
6.1619089E-008, -1.779758E-001
6.1619459E-008, -1.779939E-001
6.1619830E-008, -1.779939E-001
6.1620200E-008, -1.779668E-001
6.1620570E-008, -1.779758E-001
6.1620941E-008, -1.779849E-001
6.1621311E-008, -1.779758E-001
6.1621681E-008, -1.779849E-001
6.1622052E-008, -1.779849E-001
6.1622422E-008, -1.779849E-001
6.1622793E-008, -1.779849E-001
6.1623163E-008, -1.779849E-001
6.1623533E-008, -1.779849E-001
6.1623904E-008, -1.779758E-001
6.1624274E-008, -1.780120E-001
6.1624644E-008, -1.779939E-001
6.1625015E-008, -1.780030E-001
6.1625385E-008, -1.780120E-001
6.1625756E-008, -1.780030E-001
6.1626126E-008, -1.779939E-001
6.1626496E-008, -1.780120E-001
6.1626867E-008, -1.780211E-001
6.1627237E-008, -1.780301E-001
6.1627607E-008, -1.780030E-001
6.1627978E-008, -1.780301E-001
6.1628348E-008, -1.780120E-001
6.1628719E-008, -1.780301E-001
6.1629089E-008, -1.780482E-001
6.1629459E-008, -1.780301E-001
6.1629830E-008, -1.780120E-001
6.1630200E-008, -1.780663E-001
6.1630570E-008, -1.780754E-001
6.1630941E-008, -1.780663E-001
6.1631311E-008, -1.780754E-001
6.1631681E-008, -1.780754E-001
6.1632052E-008, -1.780754E-001
6.1632422E-008, -1.780845E-001
6.1632793E-008, -1.781116E-001
6.1633163E-008, -1.781116E-001
6.1633533E-008, -1.781026E-001
6.1633904E-008, -1.781207E-001
6.1634274E-008, -1.781207E-001
6.1634644E-008, -1.781388E-001
6.1635015E-008, -1.781659E-001
6.1635385E-008, -1.781569E-001
6.1635756E-008, -1.781750E-001
6.1636126E-008, -1.781659E-001
6.1636496E-008, -1.781840E-001
6.1636867E-008, -1.781750E-001
6.1637237E-008, -1.782021E-001
6.1637607E-008, -1.782202E-001
6.1637978E-008, -1.782293E-001
6.1638348E-008, -1.782474E-001
6.1638719E-008, -1.782383E-001
6.1639089E-008, -1.782564E-001
6.1639459E-008, -1.782474E-001
6.1639830E-008, -1.782836E-001
6.1640200E-008, -1.782836E-001
6.1640570E-008, -1.783198E-001
6.1640941E-008, -1.783289E-001
6.1641311E-008, -1.783289E-001
6.1641681E-008, -1.783470E-001
6.1642052E-008, -1.783651E-001
6.1642422E-008, -1.783470E-001
6.1642793E-008, -1.783560E-001
6.1643163E-008, -1.784013E-001
6.1643533E-008, -1.784013E-001
6.1643904E-008, -1.784103E-001
6.1644274E-008, -1.784194E-001
6.1644644E-008, -1.784284E-001
6.1645015E-008, -1.784737E-001
6.1645385E-008, -1.784556E-001
6.1645756E-008, -1.784737E-001
6.1646126E-008, -1.784918E-001
6.1646496E-008, -1.785370E-001
6.1646867E-008, -1.785280E-001
6.1647237E-008, -1.785552E-001
6.1647607E-008, -1.785642E-001
6.1647978E-008, -1.785914E-001
6.1648348E-008, -1.786095E-001
6.1648719E-008, -1.785914E-001
6.1649089E-008, -1.786185E-001
6.1649459E-008, -1.786276E-001
6.1649830E-008, -1.786366E-001
6.1650200E-008, -1.786819E-001
6.1650570E-008, -1.786909E-001
6.1650941E-008, -1.787362E-001
6.1651311E-008, -1.787271E-001
6.1651681E-008, -1.787271E-001
6.1652052E-008, -1.787633E-001
6.1652422E-008, -1.787996E-001
6.1652793E-008, -1.787996E-001
6.1653163E-008, -1.788086E-001
6.1653533E-008, -1.788448E-001
6.1653904E-008, -1.788358E-001
6.1654274E-008, -1.788720E-001
6.1654644E-008, -1.789082E-001
6.1655015E-008, -1.789444E-001
6.1655385E-008, -1.789353E-001
6.1655756E-008, -1.789534E-001
6.1656126E-008, -1.789715E-001
6.1656496E-008, -1.789806E-001
6.1656867E-008, -1.789715E-001
6.1657237E-008, -1.789987E-001
6.1657607E-008, -1.790077E-001
6.1657978E-008, -1.790168E-001
6.1658348E-008, -1.790530E-001
6.1658719E-008, -1.790621E-001
6.1659089E-008, -1.791073E-001
6.1659459E-008, -1.790892E-001
6.1659830E-008, -1.791345E-001
6.1660200E-008, -1.791797E-001
6.1660570E-008, -1.791978E-001
6.1660941E-008, -1.792069E-001
6.1661311E-008, -1.792522E-001
6.1661681E-008, -1.792522E-001
6.1662052E-008, -1.792703E-001
6.1662422E-008, -1.793065E-001
6.1662793E-008, -1.793155E-001
6.1663163E-008, -1.793427E-001
6.1663533E-008, -1.793698E-001
6.1663904E-008, -1.793879E-001
6.1664274E-008, -1.794151E-001
6.1664644E-008, -1.794332E-001
6.1665015E-008, -1.794422E-001
6.1665385E-008, -1.795056E-001
6.1665756E-008, -1.794875E-001
6.1666126E-008, -1.795328E-001
6.1666496E-008, -1.795599E-001
6.1666867E-008, -1.795599E-001
6.1667237E-008, -1.795871E-001
6.1667607E-008, -1.796142E-001
6.1667978E-008, -1.796323E-001
6.1668348E-008, -1.796414E-001
6.1668719E-008, -1.796776E-001
6.1669089E-008, -1.796866E-001
6.1669459E-008, -1.797591E-001
6.1669830E-008, -1.797229E-001
6.1670200E-008, -1.797953E-001
6.1670570E-008, -1.797953E-001
6.1670941E-008, -1.798315E-001
6.1671311E-008, -1.798405E-001
6.1671681E-008, -1.798767E-001
6.1672052E-008, -1.799039E-001
6.1672422E-008, -1.799492E-001
6.1672793E-008, -1.799763E-001
6.1673163E-008, -1.799944E-001
6.1673533E-008, -1.800216E-001
6.1673904E-008, -1.800397E-001
6.1674274E-008, -1.800759E-001
6.1674644E-008, -1.800849E-001
6.1675015E-008, -1.801483E-001
6.1675385E-008, -1.801392E-001
6.1675756E-008, -1.801754E-001
6.1676126E-008, -1.801845E-001
6.1676496E-008, -1.802207E-001
6.1676867E-008, -1.802750E-001
6.1677237E-008, -1.803022E-001
6.1677607E-008, -1.803384E-001
6.1677978E-008, -1.803655E-001
6.1678348E-008, -1.803927E-001
6.1678719E-008, -1.804289E-001
6.1679089E-008, -1.804470E-001
6.1679459E-008, -1.804742E-001
6.1679830E-008, -1.805285E-001
