Type:          average
Points:        1350
Count:         512
XInc:          7.40741E-013
XOrg:          6.0961000000E-008
YData range:   5.74400E-001
YData center:  -9.00000E-002
Coupling:      50 Ohms
XRange:        1.00000E-009
XOffset:       6.0961000000E-008
YRange:        5.70400E-001
YOffset:       -9.00000E-002
Date:          18 NOV 2019
Time:          10:00:27:49
Frame:         86100C:MY45030871
X Units:       second
Y Units:       Volt
XY Data:
6.0961000E-008, -1.987048E-001
6.0961741E-008, -1.986957E-001
6.0962481E-008, -1.986957E-001
6.0963222E-008, -1.986957E-001
6.0963963E-008, -1.986776E-001
6.0964704E-008, -1.986505E-001
6.0965444E-008, -1.986686E-001
6.0966185E-008, -1.986776E-001
6.0966926E-008, -1.986867E-001
6.0967667E-008, -1.986595E-001
6.0968407E-008, -1.986505E-001
6.0969148E-008, -1.986505E-001
6.0969889E-008, -1.986324E-001
6.0970630E-008, -1.986414E-001
6.0971370E-008, -1.986324E-001
6.0972111E-008, -1.986233E-001
6.0972852E-008, -1.986505E-001
6.0973593E-008, -1.986233E-001
6.0974333E-008, -1.986052E-001
6.0975074E-008, -1.986143E-001
6.0975815E-008, -1.986052E-001
6.0976556E-008, -1.986143E-001
6.0977296E-008, -1.985962E-001
6.0978037E-008, -1.985871E-001
6.0978778E-008, -1.985871E-001
6.0979519E-008, -1.985690E-001
6.0980259E-008, -1.985871E-001
6.0981000E-008, -1.985599E-001
6.0981741E-008, -1.985599E-001
6.0982481E-008, -1.985599E-001
6.0983222E-008, -1.985690E-001
6.0983963E-008, -1.985418E-001
6.0984704E-008, -1.985418E-001
6.0985444E-008, -1.985418E-001
6.0986185E-008, -1.985418E-001
6.0986926E-008, -1.985147E-001
6.0987667E-008, -1.985237E-001
6.0988407E-008, -1.984966E-001
6.0989148E-008, -1.985237E-001
6.0989889E-008, -1.985237E-001
6.0990630E-008, -1.985147E-001
6.0991370E-008, -1.985056E-001
6.0992111E-008, -1.984875E-001
6.0992852E-008, -1.984966E-001
6.0993593E-008, -1.984966E-001
6.0994333E-008, -1.984513E-001
6.0995074E-008, -1.984875E-001
6.0995815E-008, -1.984513E-001
6.0996556E-008, -1.984513E-001
6.0997296E-008, -1.984513E-001
6.0998037E-008, -1.984513E-001
6.0998778E-008, -1.984242E-001
6.0999519E-008, -1.984332E-001
6.1000259E-008, -1.984151E-001
6.1001000E-008, -1.984242E-001
6.1001741E-008, -1.984151E-001
6.1002481E-008, -1.983970E-001
6.1003222E-008, -1.983970E-001
6.1003963E-008, -1.983880E-001
6.1004704E-008, -1.983970E-001
6.1005444E-008, -1.983789E-001
6.1006185E-008, -1.983970E-001
6.1006926E-008, -1.983608E-001
6.1007667E-008, -1.983699E-001
6.1008407E-008, -1.983608E-001
6.1009148E-008, -1.983427E-001
6.1009889E-008, -1.983427E-001
6.1010630E-008, -1.983336E-001
6.1011370E-008, -1.983517E-001
6.1012111E-008, -1.983517E-001
6.1012852E-008, -1.983336E-001
6.1013593E-008, -1.983517E-001
6.1014333E-008, -1.983155E-001
6.1015074E-008, -1.983155E-001
6.1015815E-008, -1.983155E-001
6.1016556E-008, -1.983246E-001
6.1017296E-008, -1.983155E-001
6.1018037E-008, -1.983065E-001
6.1018778E-008, -1.983065E-001
6.1019519E-008, -1.982884E-001
6.1020259E-008, -1.982884E-001
6.1021000E-008, -1.982884E-001
6.1021741E-008, -1.982884E-001
6.1022481E-008, -1.982974E-001
6.1023222E-008, -1.982522E-001
6.1023963E-008, -1.982793E-001
6.1024704E-008, -1.982884E-001
6.1025444E-008, -1.982703E-001
6.1026185E-008, -1.982612E-001
6.1026926E-008, -1.982793E-001
6.1027667E-008, -1.982612E-001
6.1028407E-008, -1.982612E-001
6.1029148E-008, -1.982612E-001
6.1029889E-008, -1.982431E-001
6.1030630E-008, -1.982703E-001
6.1031370E-008, -1.982612E-001
6.1032111E-008, -1.982341E-001
6.1032852E-008, -1.982522E-001
6.1033593E-008, -1.982431E-001
6.1034333E-008, -1.982431E-001
6.1035074E-008, -1.982703E-001
6.1035815E-008, -1.982431E-001
6.1036556E-008, -1.982431E-001
6.1037296E-008, -1.982160E-001
6.1038037E-008, -1.982522E-001
6.1038778E-008, -1.982522E-001
6.1039519E-008, -1.982612E-001
6.1040259E-008, -1.982522E-001
6.1041000E-008, -1.982612E-001
6.1041741E-008, -1.982522E-001
6.1042481E-008, -1.982612E-001
6.1043222E-008, -1.982793E-001
6.1043963E-008, -1.982522E-001
6.1044704E-008, -1.982522E-001
6.1045444E-008, -1.982703E-001
6.1046185E-008, -1.982612E-001
6.1046926E-008, -1.982612E-001
6.1047667E-008, -1.982703E-001
6.1048407E-008, -1.982703E-001
6.1049148E-008, -1.982793E-001
6.1049889E-008, -1.982703E-001
6.1050630E-008, -1.982884E-001
6.1051370E-008, -1.982793E-001
6.1052111E-008, -1.982793E-001
6.1052852E-008, -1.983155E-001
6.1053593E-008, -1.983065E-001
6.1054333E-008, -1.983065E-001
6.1055074E-008, -1.983155E-001
6.1055815E-008, -1.983155E-001
6.1056556E-008, -1.983155E-001
6.1057296E-008, -1.983246E-001
6.1058037E-008, -1.983517E-001
6.1058778E-008, -1.983336E-001
6.1059519E-008, -1.983427E-001
6.1060259E-008, -1.983608E-001
6.1061000E-008, -1.983517E-001
6.1061741E-008, -1.983789E-001
6.1062481E-008, -1.983970E-001
6.1063222E-008, -1.983880E-001
6.1063963E-008, -1.984061E-001
6.1064704E-008, -1.984061E-001
6.1065444E-008, -1.984061E-001
6.1066185E-008, -1.984242E-001
6.1066926E-008, -1.984242E-001
6.1067667E-008, -1.984423E-001
6.1068407E-008, -1.984423E-001
6.1069148E-008, -1.984513E-001
6.1069889E-008, -1.984604E-001
6.1070630E-008, -1.984785E-001
6.1071370E-008, -1.984966E-001
6.1072111E-008, -1.984875E-001
6.1072852E-008, -1.985056E-001
6.1073593E-008, -1.985237E-001
6.1074333E-008, -1.985237E-001
6.1075074E-008, -1.985509E-001
6.1075815E-008, -1.985418E-001
6.1076556E-008, -1.985418E-001
6.1077296E-008, -1.985962E-001
6.1078037E-008, -1.985962E-001
6.1078778E-008, -1.985962E-001
6.1079519E-008, -1.985871E-001
6.1080259E-008, -1.986324E-001
6.1081000E-008, -1.986324E-001
6.1081741E-008, -1.986505E-001
6.1082481E-008, -1.986505E-001
6.1083222E-008, -1.986595E-001
6.1083963E-008, -1.986867E-001
6.1084704E-008, -1.986867E-001
6.1085444E-008, -1.987048E-001
6.1086185E-008, -1.987048E-001
6.1086926E-008, -1.987229E-001
6.1087667E-008, -1.987410E-001
6.1088407E-008, -1.987410E-001
6.1089148E-008, -1.987681E-001
6.1089889E-008, -1.987681E-001
6.1090630E-008, -1.987953E-001
6.1091370E-008, -1.987862E-001
6.1092111E-008, -1.988134E-001
6.1092852E-008, -1.988406E-001
6.1093593E-008, -1.988587E-001
6.1094333E-008, -1.988496E-001
6.1095074E-008, -1.988587E-001
6.1095815E-008, -1.988858E-001
6.1096556E-008, -1.989130E-001
6.1097296E-008, -1.988949E-001
6.1098037E-008, -1.989311E-001
6.1098778E-008, -1.989401E-001
6.1099519E-008, -1.989582E-001
6.1100259E-008, -1.989673E-001
6.1101000E-008, -1.989854E-001
6.1101741E-008, -1.990035E-001
6.1102481E-008, -1.990125E-001
6.1103222E-008, -1.990397E-001
6.1103963E-008, -1.990397E-001
6.1104704E-008, -1.990578E-001
6.1105444E-008, -1.990669E-001
6.1106185E-008, -1.990940E-001
6.1106926E-008, -1.991121E-001
6.1107667E-008, -1.991212E-001
6.1108407E-008, -1.991212E-001
6.1109148E-008, -1.991212E-001
6.1109889E-008, -1.991483E-001
6.1110630E-008, -1.991936E-001
6.1111370E-008, -1.991755E-001
6.1112111E-008, -1.992026E-001
6.1112852E-008, -1.992117E-001
6.1113593E-008, -1.992207E-001
6.1114333E-008, -1.992388E-001
6.1115074E-008, -1.992660E-001
6.1115815E-008, -1.992569E-001
6.1116556E-008, -1.992931E-001
6.1117296E-008, -1.992931E-001
6.1118037E-008, -1.993022E-001
6.1118778E-008, -1.993203E-001
6.1119519E-008, -1.993475E-001
6.1120259E-008, -1.993475E-001
6.1121000E-008, -1.993746E-001
6.1121741E-008, -1.994018E-001
6.1122481E-008, -1.994018E-001
6.1123222E-008, -1.994108E-001
6.1123963E-008, -1.994289E-001
6.1124704E-008, -1.994651E-001
6.1125444E-008, -1.994561E-001
6.1126185E-008, -1.994832E-001
6.1126926E-008, -1.994832E-001
6.1127667E-008, -1.995104E-001
6.1128407E-008, -1.995194E-001
6.1129148E-008, -1.995104E-001
6.1129889E-008, -1.995285E-001
6.1130630E-008, -1.995285E-001
6.1131370E-008, -1.995466E-001
6.1132111E-008, -1.995557E-001
6.1132852E-008, -1.995738E-001
6.1133593E-008, -1.996009E-001
6.1134333E-008, -1.996009E-001
6.1135074E-008, -1.996281E-001
6.1135815E-008, -1.996462E-001
6.1136556E-008, -1.996462E-001
6.1137296E-008, -1.996914E-001
6.1138037E-008, -1.996824E-001
6.1138778E-008, -1.997095E-001
6.1139519E-008, -1.997005E-001
6.1140259E-008, -1.997095E-001
6.1141000E-008, -1.997186E-001
6.1141741E-008, -1.997548E-001
6.1142481E-008, -1.997457E-001
6.1143222E-008, -1.997729E-001
6.1143963E-008, -1.997910E-001
6.1144704E-008, -1.998001E-001
6.1145444E-008, -1.998091E-001
6.1146185E-008, -1.998001E-001
6.1146926E-008, -1.998182E-001
6.1147667E-008, -1.998453E-001
6.1148407E-008, -1.998453E-001
6.1149148E-008, -1.998453E-001
6.1149889E-008, -1.998453E-001
6.1150630E-008, -1.998725E-001
6.1151370E-008, -1.998725E-001
6.1152111E-008, -1.998906E-001
6.1152852E-008, -1.998906E-001
6.1153593E-008, -1.998996E-001
6.1154333E-008, -1.998996E-001
6.1155074E-008, -1.999358E-001
6.1155815E-008, -1.999177E-001
6.1156556E-008, -1.999177E-001
6.1157296E-008, -1.999539E-001
6.1158037E-008, -1.999539E-001
6.1158778E-008, -1.999449E-001
6.1159519E-008, -1.999630E-001
6.1160259E-008, -1.999720E-001
6.1161000E-008, -1.999901E-001
6.1161741E-008, -1.999720E-001
6.1162481E-008, -2.000083E-001
6.1163222E-008, -1.999992E-001
6.1163963E-008, -2.000173E-001
6.1164704E-008, -2.000083E-001
6.1165444E-008, -2.000083E-001
6.1166185E-008, -2.000264E-001
6.1166926E-008, -2.000083E-001
6.1167667E-008, -2.000264E-001
6.1168407E-008, -2.000264E-001
6.1169148E-008, -2.000354E-001
6.1169889E-008, -2.000264E-001
6.1170630E-008, -2.000535E-001
6.1171370E-008, -2.000354E-001
6.1172111E-008, -2.000354E-001
6.1172852E-008, -2.000445E-001
6.1173593E-008, -2.000445E-001
6.1174333E-008, -2.000535E-001
6.1175074E-008, -2.000445E-001
6.1175815E-008, -2.000354E-001
6.1176556E-008, -2.000173E-001
6.1177296E-008, -2.000535E-001
6.1178037E-008, -2.000626E-001
6.1178778E-008, -2.000173E-001
6.1179519E-008, -2.000354E-001
6.1180259E-008, -2.000354E-001
6.1181000E-008, -2.000354E-001
6.1181741E-008, -2.000535E-001
6.1182481E-008, -2.000264E-001
6.1183222E-008, -2.000264E-001
6.1183963E-008, -2.000354E-001
6.1184704E-008, -1.999992E-001
6.1185444E-008, -2.000173E-001
6.1186185E-008, -1.999901E-001
6.1186926E-008, -1.999992E-001
6.1187667E-008, -1.999811E-001
6.1188407E-008, -1.999630E-001
6.1189148E-008, -1.999539E-001
6.1189889E-008, -1.999720E-001
6.1190630E-008, -1.999268E-001
6.1191370E-008, -1.999268E-001
6.1192111E-008, -1.999358E-001
6.1192852E-008, -1.999177E-001
6.1193593E-008, -1.999087E-001
6.1194333E-008, -1.998906E-001
6.1195074E-008, -1.998725E-001
6.1195815E-008, -1.998544E-001
6.1196556E-008, -1.998363E-001
6.1197296E-008, -1.998182E-001
6.1198037E-008, -1.997910E-001
6.1198778E-008, -1.997820E-001
6.1199519E-008, -1.997548E-001
6.1200259E-008, -1.997457E-001
6.1201000E-008, -1.997276E-001
6.1201741E-008, -1.996914E-001
6.1202481E-008, -1.996552E-001
6.1203222E-008, -1.996371E-001
6.1203963E-008, -1.995919E-001
6.1204704E-008, -1.995557E-001
6.1205444E-008, -1.995285E-001
6.1206185E-008, -1.995013E-001
6.1206926E-008, -1.994742E-001
6.1207667E-008, -1.994470E-001
6.1208407E-008, -1.994018E-001
6.1209148E-008, -1.993475E-001
6.1209889E-008, -1.993203E-001
6.1210630E-008, -1.992569E-001
6.1211370E-008, -1.992117E-001
6.1212111E-008, -1.991574E-001
6.1212852E-008, -1.991031E-001
6.1213593E-008, -1.990306E-001
6.1214333E-008, -1.990125E-001
6.1215074E-008, -1.989220E-001
6.1215815E-008, -1.988315E-001
6.1216556E-008, -1.988043E-001
6.1217296E-008, -1.986776E-001
6.1218037E-008, -1.986143E-001
6.1218778E-008, -1.985328E-001
6.1219519E-008, -1.984513E-001
6.1220259E-008, -1.983427E-001
6.1221000E-008, -1.982612E-001
6.1221741E-008, -1.981526E-001
6.1222481E-008, -1.979987E-001
6.1223222E-008, -1.979173E-001
6.1223963E-008, -1.977996E-001
6.1224704E-008, -1.976910E-001
6.1225444E-008, -1.975009E-001
6.1226185E-008, -1.973198E-001
6.1226926E-008, -1.972022E-001
6.1227667E-008, -1.970573E-001
6.1228407E-008, -1.968672E-001
6.1229148E-008, -1.967224E-001
6.1229889E-008, -1.965052E-001
6.1230630E-008, -1.962879E-001
6.1231370E-008, -1.960888E-001
6.1232111E-008, -1.958353E-001
6.1232852E-008, -1.955909E-001
6.1233593E-008, -1.953646E-001
6.1234333E-008, -1.951112E-001
6.1235074E-008, -1.949030E-001
6.1235815E-008, -1.946314E-001
6.1236556E-008, -1.942693E-001
6.1237296E-008, -1.939525E-001
6.1238037E-008, -1.935633E-001
6.1238778E-008, -1.933370E-001
6.1239519E-008, -1.930654E-001
6.1240259E-008, -1.926490E-001
6.1241000E-008, -1.921421E-001
6.1241741E-008, -1.917891E-001
6.1242481E-008, -1.914632E-001
6.1243222E-008, -1.910016E-001
6.1243963E-008, -1.904585E-001
6.1244704E-008, -1.901597E-001
6.1245444E-008, -1.895442E-001
6.1246185E-008, -1.890464E-001
6.1246926E-008, -1.885757E-001
6.1247667E-008, -1.879963E-001
6.1248407E-008, -1.874351E-001
6.1249148E-008, -1.868196E-001
6.1249889E-008, -1.861950E-001
6.1250630E-008, -1.858148E-001
6.1251370E-008, -1.850001E-001
6.1252111E-008, -1.841221E-001
6.1252852E-008, -1.836423E-001
6.1253593E-008, -1.829001E-001
6.1254333E-008, -1.820764E-001
6.1255074E-008, -1.813160E-001
6.1255815E-008, -1.805285E-001
6.1256556E-008, -1.799492E-001
6.1257296E-008, -1.790349E-001
6.1258037E-008, -1.779758E-001
6.1258778E-008, -1.773693E-001
6.1259519E-008, -1.764460E-001
6.1260259E-008, -1.753598E-001
6.1261000E-008, -1.747443E-001
6.1261741E-008, -1.736943E-001
6.1262481E-008, -1.728253E-001
6.1263222E-008, -1.719291E-001
6.1263963E-008, -1.706890E-001
6.1264704E-008, -1.700192E-001
6.1265444E-008, -1.688424E-001
6.1266185E-008, -1.675842E-001
6.1266926E-008, -1.668329E-001
6.1267667E-008, -1.655023E-001
6.1268407E-008, -1.645156E-001
6.1269148E-008, -1.630492E-001
6.1269889E-008, -1.623974E-001
6.1270630E-008, -1.611030E-001
6.1271370E-008, -1.596728E-001
6.1272111E-008, -1.583512E-001
6.1272852E-008, -1.572197E-001
6.1273593E-008, -1.562964E-001
6.1274333E-008, -1.548843E-001
6.1275074E-008, -1.534813E-001
6.1275815E-008, -1.523679E-001
6.1276556E-008, -1.506390E-001
6.1277296E-008, -1.496161E-001
6.1278037E-008, -1.479505E-001
6.1278778E-008, -1.468824E-001
6.1279519E-008, -1.453707E-001
6.1280259E-008, -1.444203E-001
6.1281000E-008, -1.428814E-001
6.1281741E-008, -1.413064E-001
6.1282481E-008, -1.395775E-001
6.1283222E-008, -1.380387E-001
6.1283963E-008, -1.369162E-001
6.1284704E-008, -1.351964E-001
6.1285444E-008, -1.340920E-001
6.1286185E-008, -1.324265E-001
6.1286926E-008, -1.313312E-001
6.1287667E-008, -1.295389E-001
6.1288407E-008, -1.281630E-001
6.1289148E-008, -1.260810E-001
6.1289889E-008, -1.247052E-001
6.1290630E-008, -1.230758E-001
6.1291370E-008, -1.215098E-001
6.1292111E-008, -1.204779E-001
6.1292852E-008, -1.182240E-001
6.1293593E-008, -1.167485E-001
6.1294333E-008, -1.159610E-001
6.1295074E-008, -1.134355E-001
6.1295815E-008, -1.124126E-001
6.1296556E-008, -1.108738E-001
6.1297296E-008, -1.092263E-001
6.1298037E-008, -1.078233E-001
6.1298778E-008, -1.060763E-001
6.1299519E-008, -1.043021E-001
6.1300259E-008, -1.028447E-001
6.1301000E-008, -1.009166E-001
6.1301741E-008, -9.94050E-002
6.1302481E-008, -9.80381E-002
6.1303222E-008, -9.62006E-002
6.1303963E-008, -9.48700E-002
6.1304704E-008, -9.36298E-002
6.1305444E-008, -9.16294E-002
6.1306185E-008, -9.02173E-002
6.1306926E-008, -8.88052E-002
6.1307667E-008, -8.69857E-002
6.1308407E-008, -8.55555E-002
6.1309148E-008, -8.35731E-002
6.1309889E-008, -8.21791E-002
6.1310630E-008, -8.04683E-002
6.1311370E-008, -7.90472E-002
6.1312111E-008, -7.71644E-002
6.1312852E-008, -7.60872E-002
6.1313593E-008, -7.43854E-002
6.1314333E-008, -7.29371E-002
6.1315074E-008, -7.14526E-002
6.1315815E-008, -6.95698E-002
6.1316556E-008, -6.80762E-002
6.1317296E-008, -6.69719E-002
6.1318037E-008, -6.51977E-002
6.1318778E-008, -6.41839E-002
6.1319519E-008, -6.24912E-002
6.1320259E-008, -6.11786E-002
6.1321000E-008, -5.96307E-002
6.1321741E-008, -5.82548E-002
6.1322481E-008, -5.69966E-002
6.1323222E-008, -5.53763E-002
6.1323963E-008, -5.43897E-002
6.1324704E-008, -5.31133E-002
6.1325444E-008, -5.13120E-002
6.1326185E-008, -4.96827E-002
6.1326926E-008, -4.85512E-002
6.1327667E-008, -4.76098E-002
6.1328407E-008, -4.61343E-002
6.1329148E-008, -4.55459E-002
6.1329889E-008, -4.39437E-002
6.1330630E-008, -4.24502E-002
6.1331370E-008, -4.15359E-002
6.1332111E-008, -4.01329E-002
6.1332852E-008, -3.91462E-002
6.1333593E-008, -3.77250E-002
6.1334333E-008, -3.71276E-002
6.1335074E-008, -3.57970E-002
6.1335815E-008, -3.46655E-002
6.1336556E-008, -3.34163E-002
6.1337296E-008, -3.25654E-002
6.1338037E-008, -3.17508E-002
6.1338778E-008, -3.07098E-002
6.1339519E-008, -2.96417E-002
6.1340259E-008, -2.87365E-002
6.1341000E-008, -2.78946E-002
6.1341741E-008, -2.68537E-002
6.1342481E-008, -2.56860E-002
6.1343222E-008, -2.49890E-002
6.1343963E-008, -2.41743E-002
6.1344704E-008, -2.34049E-002
6.1345444E-008, -2.26717E-002
6.1346185E-008, -2.17303E-002
6.1346926E-008, -2.09971E-002
6.1347667E-008, -2.04720E-002
6.1348407E-008, -1.96483E-002
6.1349148E-008, -1.90056E-002
6.1349889E-008, -1.81910E-002
6.1350630E-008, -1.76207E-002
6.1351370E-008, -1.68694E-002
6.1352111E-008, -1.63534E-002
6.1352852E-008, -1.56383E-002
6.1353593E-008, -1.50861E-002
6.1354333E-008, -1.46335E-002
6.1355074E-008, -1.40361E-002
6.1355815E-008, -1.34930E-002
6.1356556E-008, -1.30676E-002
6.1357296E-008, -1.27326E-002
6.1358037E-008, -1.21986E-002
6.1358778E-008, -1.17550E-002
6.1359519E-008, -1.13929E-002
6.1360259E-008, -1.09675E-002
6.1361000E-008, -1.05873E-002
6.1361741E-008, -1.03067E-002
6.1362481E-008, -9.9899E-003
6.1363222E-008, -9.6097E-003
6.1363963E-008, -9.3291E-003
6.1364704E-008, -9.0213E-003
6.1365444E-008, -8.7588E-003
6.1366185E-008, -8.5144E-003
6.1366926E-008, -8.3153E-003
6.1367667E-008, -8.0799E-003
6.1368407E-008, -7.9261E-003
6.1369148E-008, -7.6907E-003
6.1369889E-008, -7.5549E-003
6.1370630E-008, -7.3920E-003
6.1371370E-008, -7.2743E-003
6.1372111E-008, -7.1657E-003
6.1372852E-008, -7.0209E-003
6.1373593E-008, -6.9122E-003
6.1374333E-008, -6.8308E-003
6.1375074E-008, -6.7765E-003
6.1375815E-008, -6.7402E-003
6.1376556E-008, -6.6769E-003
6.1377296E-008, -6.6588E-003
6.1378037E-008, -6.6407E-003
6.1378778E-008, -6.6226E-003
6.1379519E-008, -6.6407E-003
6.1380259E-008, -6.6497E-003
6.1381000E-008, -6.6859E-003
6.1381741E-008, -6.7131E-003
6.1382481E-008, -6.7584E-003
6.1383222E-008, -6.8127E-003
6.1383963E-008, -6.8670E-003
6.1384704E-008, -6.9213E-003
6.1385444E-008, -7.0390E-003
6.1386185E-008, -7.1476E-003
6.1386926E-008, -7.2562E-003
6.1387667E-008, -7.3015E-003
6.1388407E-008, -7.3920E-003
6.1389148E-008, -7.5187E-003
6.1389889E-008, -7.6726E-003
6.1390630E-008, -7.7903E-003
6.1391370E-008, -7.9170E-003
6.1392111E-008, -8.1071E-003
6.1392852E-008, -8.2157E-003
6.1393593E-008, -8.3062E-003
6.1394333E-008, -8.4511E-003
6.1395074E-008, -8.6140E-003
6.1395815E-008, -8.7769E-003
6.1396556E-008, -8.9218E-003
6.1397296E-008, -9.0847E-003
6.1398037E-008, -9.3019E-003
6.1398778E-008, -9.4558E-003
6.1399519E-008, -9.6459E-003
6.1400259E-008, -9.7817E-003
6.1401000E-008, -9.9356E-003
6.1401741E-008, -1.01709E-002
6.1402481E-008, -1.02886E-002
6.1403222E-008, -1.04696E-002
6.1403963E-008, -1.06869E-002
6.1404704E-008, -1.07412E-002
6.1405444E-008, -1.09947E-002
6.1406185E-008, -1.11576E-002
6.1406926E-008, -1.12843E-002
6.1407667E-008, -1.15197E-002
6.1408407E-008, -1.16917E-002
6.1409148E-008, -1.18093E-002
6.1409889E-008, -1.19723E-002
6.1410630E-008, -1.21533E-002
6.1411370E-008, -1.22891E-002
6.1412111E-008, -1.24611E-002
6.1412852E-008, -1.26512E-002
6.1413593E-008, -1.27507E-002
6.1414333E-008, -1.29318E-002
6.1415074E-008, -1.31038E-002
6.1415815E-008, -1.32758E-002
6.1416556E-008, -1.34206E-002
6.1417296E-008, -1.35473E-002
6.1418037E-008, -1.36831E-002
6.1418778E-008, -1.38460E-002
6.1419519E-008, -1.39637E-002
6.1420259E-008, -1.40904E-002
6.1421000E-008, -1.42624E-002
6.1421741E-008, -1.43710E-002
6.1422481E-008, -1.44525E-002
6.1423222E-008, -1.45973E-002
6.1423963E-008, -1.47693E-002
6.1424704E-008, -1.48598E-002
6.1425444E-008, -1.49775E-002
6.1426185E-008, -1.50952E-002
6.1426926E-008, -1.51676E-002
6.1427667E-008, -1.53215E-002
6.1428407E-008, -1.54030E-002
6.1429148E-008, -1.54844E-002
6.1429889E-008, -1.55930E-002
6.1430630E-008, -1.56836E-002
6.1431370E-008, -1.57560E-002
6.1432111E-008, -1.58737E-002
6.1432852E-008, -1.59732E-002
6.1433593E-008, -1.60456E-002
6.1434333E-008, -1.61362E-002
6.1435074E-008, -1.62267E-002
6.1435815E-008, -1.63082E-002
6.1436556E-008, -1.63806E-002
6.1437296E-008, -1.64620E-002
6.1438037E-008, -1.65254E-002
6.1438778E-008, -1.65797E-002
6.1439519E-008, -1.66521E-002
6.1440259E-008, -1.67336E-002
6.1441000E-008, -1.67607E-002
6.1441741E-008, -1.68241E-002
6.1442481E-008, -1.68875E-002
6.1443222E-008, -1.69327E-002
6.1443963E-008, -1.70052E-002
6.1444704E-008, -1.70233E-002
6.1445444E-008, -1.70776E-002
6.1446185E-008, -1.71138E-002
6.1446926E-008, -1.71590E-002
6.1447667E-008, -1.71952E-002
6.1448407E-008, -1.72133E-002
6.1449148E-008, -1.72496E-002
6.1449889E-008, -1.72677E-002
6.1450630E-008, -1.73129E-002
6.1451370E-008, -1.73129E-002
6.1452111E-008, -1.73401E-002
6.1452852E-008, -1.73582E-002
6.1453593E-008, -1.73491E-002
6.1454333E-008, -1.73763E-002
6.1455074E-008, -1.73853E-002
6.1455815E-008, -1.74034E-002
6.1456556E-008, -1.73853E-002
6.1457296E-008, -1.73944E-002
6.1458037E-008, -1.74125E-002
6.1458778E-008, -1.73853E-002
6.1459519E-008, -1.73763E-002
6.1460259E-008, -1.73853E-002
6.1461000E-008, -1.73672E-002
6.1461741E-008, -1.73672E-002
6.1462481E-008, -1.73491E-002
6.1463222E-008, -1.73310E-002
6.1463963E-008, -1.73220E-002
6.1464704E-008, -1.73039E-002
6.1465444E-008, -1.72767E-002
6.1466185E-008, -1.72677E-002
6.1466926E-008, -1.72224E-002
6.1467667E-008, -1.71952E-002
6.1468407E-008, -1.71681E-002
6.1469148E-008, -1.71500E-002
6.1469889E-008, -1.71319E-002
6.1470630E-008, -1.70866E-002
6.1471370E-008, -1.70595E-002
6.1472111E-008, -1.70233E-002
6.1472852E-008, -1.69780E-002
6.1473593E-008, -1.69599E-002
6.1474333E-008, -1.69146E-002
6.1475074E-008, -1.68694E-002
6.1475815E-008, -1.68422E-002
6.1476556E-008, -1.68060E-002
6.1477296E-008, -1.67607E-002
6.1478037E-008, -1.67155E-002
6.1478778E-008, -1.66612E-002
6.1479519E-008, -1.66431E-002
6.1480259E-008, -1.65888E-002
6.1481000E-008, -1.65526E-002
6.1481741E-008, -1.65254E-002
6.1482481E-008, -1.64711E-002
6.1483222E-008, -1.64258E-002
6.1483963E-008, -1.63715E-002
6.1484704E-008, -1.63353E-002
6.1485444E-008, -1.62810E-002
6.1486185E-008, -1.62538E-002
6.1486926E-008, -1.61995E-002
6.1487667E-008, -1.61543E-002
6.1488407E-008, -1.61090E-002
6.1489148E-008, -1.60547E-002
6.1489889E-008, -1.60185E-002
6.1490630E-008, -1.59913E-002
6.1491370E-008, -1.59461E-002
6.1492111E-008, -1.59099E-002
6.1492852E-008, -1.58737E-002
6.1493593E-008, -1.58193E-002
6.1494333E-008, -1.57922E-002
6.1495074E-008, -1.57469E-002
6.1495815E-008, -1.57017E-002
6.1496556E-008, -1.56745E-002
6.1497296E-008, -1.56202E-002
6.1498037E-008, -1.56021E-002
6.1498778E-008, -1.55659E-002
6.1499519E-008, -1.55297E-002
6.1500259E-008, -1.54844E-002
6.1501000E-008, -1.54754E-002
6.1501741E-008, -1.54392E-002
6.1502481E-008, -1.54211E-002
6.1503222E-008, -1.53939E-002
6.1503963E-008, -1.53758E-002
6.1504704E-008, -1.53305E-002
6.1505444E-008, -1.53124E-002
6.1506185E-008, -1.52943E-002
6.1506926E-008, -1.52853E-002
6.1507667E-008, -1.52672E-002
6.1508407E-008, -1.52310E-002
6.1509148E-008, -1.52129E-002
6.1509889E-008, -1.52129E-002
6.1510630E-008, -1.51767E-002
6.1511370E-008, -1.51767E-002
6.1512111E-008, -1.51586E-002
6.1512852E-008, -1.51586E-002
6.1513593E-008, -1.51495E-002
6.1514333E-008, -1.51314E-002
6.1515074E-008, -1.51133E-002
6.1515815E-008, -1.51133E-002
6.1516556E-008, -1.51223E-002
6.1517296E-008, -1.51042E-002
6.1518037E-008, -1.51223E-002
6.1518778E-008, -1.51314E-002
6.1519519E-008, -1.51042E-002
6.1520259E-008, -1.51223E-002
6.1521000E-008, -1.51042E-002
6.1521741E-008, -1.51314E-002
6.1522481E-008, -1.51314E-002
6.1523222E-008, -1.51314E-002
6.1523963E-008, -1.51495E-002
6.1524704E-008, -1.51495E-002
6.1525444E-008, -1.51495E-002
6.1526185E-008, -1.51676E-002
6.1526926E-008, -1.51676E-002
6.1527667E-008, -1.51857E-002
6.1528407E-008, -1.51857E-002
6.1529148E-008, -1.52038E-002
6.1529889E-008, -1.52129E-002
6.1530630E-008, -1.52219E-002
6.1531370E-008, -1.52129E-002
6.1532111E-008, -1.52400E-002
6.1532852E-008, -1.52310E-002
6.1533593E-008, -1.52400E-002
6.1534333E-008, -1.52581E-002
6.1535074E-008, -1.52762E-002
6.1535815E-008, -1.52853E-002
6.1536556E-008, -1.52853E-002
6.1537296E-008, -1.52943E-002
6.1538037E-008, -1.53124E-002
6.1538778E-008, -1.53124E-002
6.1539519E-008, -1.53215E-002
6.1540259E-008, -1.53215E-002
6.1541000E-008, -1.53215E-002
6.1541741E-008, -1.53215E-002
6.1542481E-008, -1.53396E-002
6.1543222E-008, -1.53396E-002
6.1543963E-008, -1.53396E-002
6.1544704E-008, -1.53577E-002
6.1545444E-008, -1.53486E-002
6.1546185E-008, -1.53215E-002
6.1546926E-008, -1.53577E-002
6.1547667E-008, -1.53486E-002
6.1548407E-008, -1.53577E-002
6.1549148E-008, -1.53486E-002
6.1549889E-008, -1.53396E-002
6.1550630E-008, -1.53396E-002
6.1551370E-008, -1.53124E-002
6.1552111E-008, -1.53305E-002
6.1552852E-008, -1.53305E-002
6.1553593E-008, -1.53124E-002
6.1554333E-008, -1.53034E-002
6.1555074E-008, -1.53034E-002
6.1555815E-008, -1.52943E-002
6.1556556E-008, -1.52762E-002
6.1557296E-008, -1.52762E-002
6.1558037E-008, -1.52400E-002
6.1558778E-008, -1.52400E-002
6.1559519E-008, -1.52219E-002
6.1560259E-008, -1.52038E-002
6.1561000E-008, -1.52038E-002
6.1561741E-008, -1.51857E-002
6.1562481E-008, -1.51676E-002
6.1563222E-008, -1.51495E-002
6.1563963E-008, -1.51495E-002
6.1564704E-008, -1.51314E-002
6.1565444E-008, -1.50952E-002
6.1566185E-008, -1.50861E-002
6.1566926E-008, -1.50590E-002
6.1567667E-008, -1.50499E-002
6.1568407E-008, -1.50228E-002
6.1569148E-008, -1.50047E-002
6.1569889E-008, -1.49775E-002
6.1570630E-008, -1.49685E-002
6.1571370E-008, -1.49323E-002
6.1572111E-008, -1.49142E-002
6.1572852E-008, -1.48960E-002
6.1573593E-008, -1.48870E-002
6.1574333E-008, -1.48417E-002
6.1575074E-008, -1.48327E-002
6.1575815E-008, -1.47965E-002
6.1576556E-008, -1.47693E-002
6.1577296E-008, -1.47693E-002
6.1578037E-008, -1.47331E-002
6.1578778E-008, -1.47150E-002
6.1579519E-008, -1.46879E-002
6.1580259E-008, -1.46697E-002
6.1581000E-008, -1.46426E-002
6.1581741E-008, -1.46335E-002
6.1582481E-008, -1.45973E-002
6.1583222E-008, -1.45792E-002
6.1583963E-008, -1.45521E-002
6.1584704E-008, -1.45249E-002
6.1585444E-008, -1.44887E-002
6.1586185E-008, -1.44706E-002
6.1586926E-008, -1.44616E-002
6.1587667E-008, -1.44435E-002
6.1588407E-008, -1.44072E-002
6.1589148E-008, -1.43801E-002
6.1589889E-008, -1.43620E-002
6.1590630E-008, -1.43258E-002
6.1591370E-008, -1.43258E-002
6.1592111E-008, -1.42896E-002
6.1592852E-008, -1.42805E-002
6.1593593E-008, -1.42443E-002
6.1594333E-008, -1.42353E-002
6.1595074E-008, -1.42081E-002
6.1595815E-008, -1.41990E-002
6.1596556E-008, -1.41719E-002
6.1597296E-008, -1.41357E-002
6.1598037E-008, -1.41176E-002
6.1598778E-008, -1.41085E-002
6.1599519E-008, -1.40904E-002
6.1600259E-008, -1.40723E-002
6.1601000E-008, -1.40633E-002
6.1601741E-008, -1.40452E-002
6.1602481E-008, -1.40271E-002
6.1603222E-008, -1.40090E-002
6.1603963E-008, -1.39909E-002
6.1604704E-008, -1.39727E-002
6.1605444E-008, -1.39727E-002
6.1606185E-008, -1.39546E-002
6.1606926E-008, -1.39546E-002
6.1607667E-008, -1.39456E-002
6.1608407E-008, -1.39184E-002
6.1609148E-008, -1.39003E-002
6.1609889E-008, -1.39003E-002
6.1610630E-008, -1.38913E-002
6.1611370E-008, -1.38732E-002
6.1612111E-008, -1.38732E-002
6.1612852E-008, -1.38641E-002
6.1613593E-008, -1.38460E-002
6.1614333E-008, -1.38460E-002
6.1615074E-008, -1.38460E-002
6.1615815E-008, -1.38189E-002
6.1616556E-008, -1.38189E-002
6.1617296E-008, -1.38189E-002
6.1618037E-008, -1.37917E-002
6.1618778E-008, -1.38008E-002
6.1619519E-008, -1.38098E-002
6.1620259E-008, -1.37917E-002
6.1621000E-008, -1.37917E-002
6.1621741E-008, -1.37736E-002
6.1622481E-008, -1.37736E-002
6.1623222E-008, -1.37827E-002
6.1623963E-008, -1.37736E-002
6.1624704E-008, -1.37736E-002
6.1625444E-008, -1.37646E-002
6.1626185E-008, -1.37827E-002
6.1626926E-008, -1.37736E-002
6.1627667E-008, -1.37736E-002
6.1628407E-008, -1.37646E-002
6.1629148E-008, -1.37736E-002
6.1629889E-008, -1.37736E-002
6.1630630E-008, -1.37827E-002
6.1631370E-008, -1.37827E-002
6.1632111E-008, -1.37827E-002
6.1632852E-008, -1.37827E-002
6.1633593E-008, -1.37736E-002
6.1634333E-008, -1.37646E-002
6.1635074E-008, -1.37736E-002
6.1635815E-008, -1.37827E-002
6.1636556E-008, -1.38008E-002
6.1637296E-008, -1.37917E-002
6.1638037E-008, -1.38098E-002
6.1638778E-008, -1.38189E-002
6.1639519E-008, -1.38098E-002
6.1640259E-008, -1.38008E-002
6.1641000E-008, -1.38279E-002
6.1641741E-008, -1.38279E-002
6.1642481E-008, -1.38370E-002
6.1643222E-008, -1.38370E-002
6.1643963E-008, -1.38460E-002
6.1644704E-008, -1.38460E-002
6.1645444E-008, -1.38641E-002
6.1646185E-008, -1.38822E-002
6.1646926E-008, -1.38732E-002
6.1647667E-008, -1.39003E-002
6.1648407E-008, -1.38913E-002
6.1649148E-008, -1.39094E-002
6.1649889E-008, -1.39094E-002
6.1650630E-008, -1.39094E-002
6.1651370E-008, -1.39275E-002
6.1652111E-008, -1.39365E-002
6.1652852E-008, -1.39365E-002
6.1653593E-008, -1.39546E-002
6.1654333E-008, -1.39546E-002
6.1655074E-008, -1.39637E-002
6.1655815E-008, -1.39727E-002
6.1656556E-008, -1.39909E-002
6.1657296E-008, -1.39999E-002
6.1658037E-008, -1.39999E-002
6.1658778E-008, -1.40271E-002
6.1659519E-008, -1.40361E-002
6.1660259E-008, -1.40452E-002
6.1661000E-008, -1.40542E-002
6.1661741E-008, -1.40633E-002
6.1662481E-008, -1.40814E-002
6.1663222E-008, -1.40904E-002
6.1663963E-008, -1.41085E-002
6.1664704E-008, -1.41085E-002
6.1665444E-008, -1.41176E-002
6.1666185E-008, -1.41266E-002
6.1666926E-008, -1.41447E-002
6.1667667E-008, -1.41538E-002
6.1668407E-008, -1.41628E-002
6.1669148E-008, -1.41628E-002
6.1669889E-008, -1.41719E-002
6.1670630E-008, -1.41900E-002
6.1671370E-008, -1.42081E-002
6.1672111E-008, -1.42353E-002
6.1672852E-008, -1.42262E-002
6.1673593E-008, -1.42534E-002
6.1674333E-008, -1.42624E-002
6.1675074E-008, -1.42624E-002
6.1675815E-008, -1.42715E-002
6.1676556E-008, -1.42896E-002
6.1677296E-008, -1.42805E-002
6.1678037E-008, -1.43167E-002
6.1678778E-008, -1.43258E-002
6.1679519E-008, -1.43348E-002
6.1680259E-008, -1.43529E-002
6.1681000E-008, -1.43529E-002
6.1681741E-008, -1.43620E-002
6.1682481E-008, -1.43710E-002
6.1683222E-008, -1.43801E-002
6.1683963E-008, -1.43891E-002
6.1684704E-008, -1.43982E-002
6.1685444E-008, -1.44163E-002
6.1686185E-008, -1.44253E-002
6.1686926E-008, -1.44344E-002
6.1687667E-008, -1.44525E-002
6.1688407E-008, -1.44525E-002
6.1689148E-008, -1.44525E-002
6.1689889E-008, -1.44616E-002
6.1690630E-008, -1.44797E-002
6.1691370E-008, -1.44706E-002
6.1692111E-008, -1.44887E-002
6.1692852E-008, -1.44706E-002
6.1693593E-008, -1.44887E-002
6.1694333E-008, -1.44797E-002
6.1695074E-008, -1.44887E-002
6.1695815E-008, -1.45068E-002
6.1696556E-008, -1.44887E-002
6.1697296E-008, -1.44797E-002
6.1698037E-008, -1.44887E-002
6.1698778E-008, -1.44887E-002
6.1699519E-008, -1.44978E-002
6.1700259E-008, -1.44797E-002
6.1701000E-008, -1.44706E-002
6.1701741E-008, -1.44706E-002
6.1702481E-008, -1.44706E-002
6.1703222E-008, -1.44616E-002
6.1703963E-008, -1.44616E-002
6.1704704E-008, -1.44616E-002
6.1705444E-008, -1.44344E-002
6.1706185E-008, -1.44253E-002
6.1706926E-008, -1.44344E-002
6.1707667E-008, -1.44253E-002
6.1708407E-008, -1.44072E-002
6.1709148E-008, -1.43982E-002
6.1709889E-008, -1.43710E-002
6.1710630E-008, -1.43710E-002
6.1711370E-008, -1.43620E-002
6.1712111E-008, -1.43439E-002
6.1712852E-008, -1.43348E-002
6.1713593E-008, -1.43167E-002
6.1714333E-008, -1.42896E-002
6.1715074E-008, -1.42986E-002
6.1715815E-008, -1.42624E-002
6.1716556E-008, -1.42715E-002
6.1717296E-008, -1.42443E-002
6.1718037E-008, -1.42172E-002
6.1718778E-008, -1.41990E-002
6.1719519E-008, -1.41900E-002
6.1720259E-008, -1.41809E-002
6.1721000E-008, -1.41447E-002
6.1721741E-008, -1.41266E-002
6.1722481E-008, -1.41085E-002
6.1723222E-008, -1.40814E-002
6.1723963E-008, -1.40723E-002
6.1724704E-008, -1.40542E-002
6.1725444E-008, -1.40361E-002
6.1726185E-008, -1.40180E-002
6.1726926E-008, -1.39909E-002
6.1727667E-008, -1.39818E-002
6.1728407E-008, -1.39456E-002
6.1729148E-008, -1.39275E-002
6.1729889E-008, -1.39003E-002
6.1730630E-008, -1.38822E-002
6.1731370E-008, -1.38641E-002
6.1732111E-008, -1.38279E-002
6.1732852E-008, -1.38098E-002
6.1733593E-008, -1.38008E-002
6.1734333E-008, -1.37646E-002
6.1735074E-008, -1.37465E-002
6.1735815E-008, -1.37283E-002
6.1736556E-008, -1.37012E-002
6.1737296E-008, -1.36740E-002
6.1738037E-008, -1.36650E-002
6.1738778E-008, -1.36197E-002
6.1739519E-008, -1.36016E-002
6.1740259E-008, -1.35835E-002
6.1741000E-008, -1.35473E-002
6.1741741E-008, -1.35564E-002
6.1742481E-008, -1.35020E-002
6.1743222E-008, -1.35020E-002
6.1743963E-008, -1.34749E-002
6.1744704E-008, -1.34477E-002
6.1745444E-008, -1.34387E-002
6.1746185E-008, -1.34115E-002
6.1746926E-008, -1.33934E-002
6.1747667E-008, -1.33663E-002
6.1748407E-008, -1.33391E-002
6.1749148E-008, -1.33301E-002
6.1749889E-008, -1.33029E-002
6.1750630E-008, -1.32939E-002
6.1751370E-008, -1.32576E-002
6.1752111E-008, -1.32486E-002
6.1752852E-008, -1.32305E-002
6.1753593E-008, -1.32124E-002
6.1754333E-008, -1.31852E-002
6.1755074E-008, -1.31852E-002
6.1755815E-008, -1.31490E-002
6.1756556E-008, -1.31309E-002
6.1757296E-008, -1.31038E-002
6.1758037E-008, -1.31038E-002
6.1758778E-008, -1.30676E-002
6.1759519E-008, -1.30585E-002
6.1760259E-008, -1.30223E-002
6.1761000E-008, -1.30132E-002
6.1761741E-008, -1.29951E-002
6.1762481E-008, -1.29770E-002
6.1763222E-008, -1.29680E-002
6.1763963E-008, -1.29589E-002
6.1764704E-008, -1.29318E-002
6.1765444E-008, -1.29137E-002
6.1766185E-008, -1.29227E-002
6.1766926E-008, -1.28956E-002
6.1767667E-008, -1.28684E-002
6.1768407E-008, -1.28503E-002
6.1769148E-008, -1.28322E-002
6.1769889E-008, -1.28232E-002
6.1770630E-008, -1.28232E-002
6.1771370E-008, -1.27960E-002
6.1772111E-008, -1.27779E-002
6.1772852E-008, -1.27507E-002
6.1773593E-008, -1.27507E-002
6.1774333E-008, -1.27326E-002
6.1775074E-008, -1.27236E-002
6.1775815E-008, -1.26964E-002
6.1776556E-008, -1.26783E-002
6.1777296E-008, -1.26693E-002
6.1778037E-008, -1.26512E-002
6.1778778E-008, -1.26331E-002
6.1779519E-008, -1.26150E-002
6.1780259E-008, -1.26059E-002
6.1781000E-008, -1.25969E-002
6.1781741E-008, -1.25788E-002
6.1782481E-008, -1.25606E-002
6.1783222E-008, -1.25516E-002
6.1783963E-008, -1.25425E-002
6.1784704E-008, -1.25244E-002
6.1785444E-008, -1.25154E-002
6.1786185E-008, -1.24882E-002
6.1786926E-008, -1.24792E-002
6.1787667E-008, -1.24611E-002
6.1788407E-008, -1.24430E-002
6.1789148E-008, -1.24158E-002
6.1789889E-008, -1.23977E-002
6.1790630E-008, -1.23796E-002
6.1791370E-008, -1.23796E-002
6.1792111E-008, -1.23615E-002
6.1792852E-008, -1.23434E-002
6.1793593E-008, -1.23253E-002
6.1794333E-008, -1.23072E-002
6.1795074E-008, -1.22800E-002
6.1795815E-008, -1.22800E-002
6.1796556E-008, -1.22710E-002
6.1797296E-008, -1.22348E-002
6.1798037E-008, -1.22257E-002
6.1798778E-008, -1.22167E-002
6.1799519E-008, -1.22076E-002
6.1800259E-008, -1.21986E-002
6.1801000E-008, -1.21714E-002
6.1801741E-008, -1.21352E-002
6.1802481E-008, -1.21352E-002
6.1803222E-008, -1.21262E-002
6.1803963E-008, -1.20809E-002
6.1804704E-008, -1.20718E-002
6.1805444E-008, -1.20628E-002
6.1806185E-008, -1.20447E-002
6.1806926E-008, -1.20356E-002
6.1807667E-008, -1.19904E-002
6.1808407E-008, -1.19813E-002
6.1809148E-008, -1.19723E-002
6.1809889E-008, -1.19542E-002
6.1810630E-008, -1.19361E-002
6.1811370E-008, -1.19089E-002
6.1812111E-008, -1.18999E-002
6.1812852E-008, -1.18818E-002
6.1813593E-008, -1.18636E-002
6.1814333E-008, -1.18636E-002
6.1815074E-008, -1.18274E-002
6.1815815E-008, -1.18184E-002
6.1816556E-008, -1.17822E-002
6.1817296E-008, -1.17822E-002
6.1818037E-008, -1.17550E-002
6.1818778E-008, -1.17460E-002
6.1819519E-008, -1.17279E-002
6.1820259E-008, -1.17007E-002
6.1821000E-008, -1.16826E-002
6.1821741E-008, -1.16645E-002
6.1822481E-008, -1.16464E-002
6.1823222E-008, -1.16373E-002
6.1823963E-008, -1.16102E-002
6.1824704E-008, -1.16011E-002
6.1825444E-008, -1.15559E-002
6.1826185E-008, -1.15378E-002
6.1826926E-008, -1.15378E-002
6.1827667E-008, -1.15106E-002
6.1828407E-008, -1.14925E-002
6.1829148E-008, -1.14654E-002
6.1829889E-008, -1.14654E-002
6.1830630E-008, -1.14382E-002
6.1831370E-008, -1.14201E-002
6.1832111E-008, -1.14111E-002
6.1832852E-008, -1.13929E-002
6.1833593E-008, -1.13658E-002
6.1834333E-008, -1.13567E-002
6.1835074E-008, -1.13386E-002
6.1835815E-008, -1.13205E-002
6.1836556E-008, -1.12934E-002
6.1837296E-008, -1.12662E-002
6.1838037E-008, -1.12572E-002
6.1838778E-008, -1.12481E-002
6.1839519E-008, -1.12300E-002
6.1840259E-008, -1.12119E-002
6.1841000E-008, -1.11938E-002
6.1841741E-008, -1.11757E-002
6.1842481E-008, -1.11485E-002
6.1843222E-008, -1.11304E-002
6.1843963E-008, -1.11123E-002
6.1844704E-008, -1.10852E-002
6.1845444E-008, -1.10761E-002
6.1846185E-008, -1.10490E-002
6.1846926E-008, -1.10580E-002
6.1847667E-008, -1.10128E-002
6.1848407E-008, -1.10128E-002
6.1849148E-008, -1.09856E-002
6.1849889E-008, -1.09675E-002
6.1850630E-008, -1.09494E-002
6.1851370E-008, -1.09313E-002
6.1852111E-008, -1.09222E-002
6.1852852E-008, -1.08951E-002
6.1853593E-008, -1.08770E-002
6.1854333E-008, -1.08498E-002
6.1855074E-008, -1.08498E-002
6.1855815E-008, -1.08136E-002
6.1856556E-008, -1.07955E-002
6.1857296E-008, -1.07955E-002
6.1858037E-008, -1.07593E-002
6.1858778E-008, -1.07412E-002
6.1859519E-008, -1.07412E-002
6.1860259E-008, -1.07050E-002
6.1861000E-008, -1.06869E-002
6.1861741E-008, -1.06778E-002
6.1862481E-008, -1.06326E-002
6.1863222E-008, -1.06326E-002
6.1863963E-008, -1.05964E-002
6.1864704E-008, -1.05783E-002
6.1865444E-008, -1.05783E-002
6.1866185E-008, -1.05421E-002
6.1866926E-008, -1.05330E-002
6.1867667E-008, -1.05149E-002
6.1868407E-008, -1.04696E-002
6.1869148E-008, -1.04787E-002
6.1869889E-008, -1.04515E-002
6.1870630E-008, -1.04244E-002
6.1871370E-008, -1.03972E-002
6.1872111E-008, -1.03882E-002
6.1872852E-008, -1.03701E-002
6.1873593E-008, -1.03520E-002
6.1874333E-008, -1.03248E-002
6.1875074E-008, -1.03067E-002
6.1875815E-008, -1.02796E-002
6.1876556E-008, -1.02434E-002
6.1877296E-008, -1.02252E-002
6.1878037E-008, -1.02071E-002
6.1878778E-008, -1.01800E-002
6.1879519E-008, -1.01800E-002
6.1880259E-008, -1.01438E-002
6.1881000E-008, -1.01257E-002
6.1881741E-008, -1.01076E-002
6.1882481E-008, -1.00895E-002
6.1883222E-008, -1.00623E-002
6.1883963E-008, -1.00623E-002
6.1884704E-008, -1.00261E-002
6.1885444E-008, -1.00080E-002
6.1886185E-008, -9.9808E-003
6.1886926E-008, -9.9537E-003
6.1887667E-008, -9.9446E-003
6.1888407E-008, -9.9356E-003
6.1889148E-008, -9.8903E-003
6.1889889E-008, -9.8813E-003
6.1890630E-008, -9.8541E-003
6.1891370E-008, -9.8451E-003
6.1892111E-008, -9.8179E-003
6.1892852E-008, -9.7998E-003
6.1893593E-008, -9.7817E-003
6.1894333E-008, -9.7636E-003
6.1895074E-008, -9.7455E-003
6.1895815E-008, -9.7183E-003
6.1896556E-008, -9.7093E-003
6.1897296E-008, -9.7002E-003
6.1898037E-008, -9.6550E-003
6.1898778E-008, -9.6550E-003
6.1899519E-008, -9.6278E-003
6.1900259E-008, -9.6188E-003
6.1901000E-008, -9.6097E-003
6.1901741E-008, -9.5826E-003
6.1902481E-008, -9.5554E-003
6.1903222E-008, -9.5464E-003
6.1903963E-008, -9.5373E-003
6.1904704E-008, -9.5101E-003
6.1905444E-008, -9.5011E-003
6.1906185E-008, -9.4920E-003
6.1906926E-008, -9.4830E-003
6.1907667E-008, -9.4739E-003
6.1908407E-008, -9.4377E-003
6.1909148E-008, -9.4287E-003
6.1909889E-008, -9.4287E-003
6.1910630E-008, -9.4106E-003
6.1911370E-008, -9.3925E-003
6.1912111E-008, -9.3834E-003
6.1912852E-008, -9.3744E-003
6.1913593E-008, -9.3563E-003
6.1914333E-008, -9.3563E-003
6.1915074E-008, -9.3291E-003
6.1915815E-008, -9.3291E-003
6.1916556E-008, -9.3201E-003
6.1917296E-008, -9.3019E-003
6.1918037E-008, -9.2838E-003
6.1918778E-008, -9.2838E-003
6.1919519E-008, -9.2657E-003
6.1920259E-008, -9.2567E-003
6.1921000E-008, -9.2476E-003
6.1921741E-008, -9.2476E-003
6.1922481E-008, -9.2386E-003
6.1923222E-008, -9.2476E-003
6.1923963E-008, -9.2295E-003
6.1924704E-008, -9.2295E-003
6.1925444E-008, -9.2024E-003
6.1926185E-008, -9.2205E-003
6.1926926E-008, -9.1933E-003
6.1927667E-008, -9.1933E-003
6.1928407E-008, -9.1843E-003
6.1929148E-008, -9.1752E-003
6.1929889E-008, -9.1752E-003
6.1930630E-008, -9.1662E-003
6.1931370E-008, -9.1662E-003
6.1932111E-008, -9.1662E-003
6.1932852E-008, -9.1571E-003
6.1933593E-008, -9.1481E-003
6.1934333E-008, -9.1390E-003
6.1935074E-008, -9.1390E-003
6.1935815E-008, -9.1390E-003
6.1936556E-008, -9.1300E-003
6.1937296E-008, -9.1209E-003
6.1938037E-008, -9.1209E-003
6.1938778E-008, -9.1209E-003
6.1939519E-008, -9.1119E-003
6.1940259E-008, -9.1300E-003
6.1941000E-008, -9.1119E-003
6.1941741E-008, -9.1119E-003
6.1942481E-008, -9.1300E-003
6.1943222E-008, -9.1119E-003
6.1943963E-008, -9.1028E-003
6.1944704E-008, -9.1119E-003
6.1945444E-008, -9.1119E-003
6.1946185E-008, -9.0847E-003
6.1946926E-008, -9.1028E-003
6.1947667E-008, -9.1119E-003
6.1948407E-008, -9.1028E-003
6.1949148E-008, -9.0938E-003
6.1949889E-008, -9.0847E-003
6.1950630E-008, -9.0847E-003
6.1951370E-008, -9.0938E-003
6.1952111E-008, -9.0938E-003
6.1952852E-008, -9.0938E-003
6.1953593E-008, -9.0938E-003
6.1954333E-008, -9.0938E-003
6.1955074E-008, -9.0938E-003
6.1955815E-008, -9.0847E-003
6.1956556E-008, -9.0847E-003
6.1957296E-008, -9.0847E-003
6.1958037E-008, -9.0847E-003
6.1958778E-008, -9.0847E-003
6.1959519E-008, -9.0847E-003
6.1960259E-008, -9.0756E-003
