Type:          raw
Points:        1350
Count:         1
XInc:          3.70370E-013
XOrg:          6.1183500000E-008
YData range:   5.74400E-001
YData center:  -9.00000E-002
Coupling:      50 Ohms
XRange:        5.00000E-010
XOffset:       6.1183500000E-008
YRange:        5.70400E-001
YOffset:       -9.00000E-002
Date:          18 NOV 2019
Time:          10:07:33:53
Frame:         86100C:MY45030871
X Units:       second
Y Units:       Volt
XY Data:
6.1183500E-008, -1.110E-003
6.1183870E-008, -1.110E-003
6.1184241E-008, -9.47E-004
6.1184611E-008, -1.599E-003
6.1184981E-008, -9.47E-004
6.1185352E-008, -6.03E-004
6.1185722E-008, -9.47E-004
6.1186093E-008, -1.110E-003
6.1186463E-008, -1.110E-003
6.1186833E-008, -1.110E-003
6.1187204E-008, -9.47E-004
6.1187574E-008, -1.110E-003
6.1187944E-008, -9.47E-004
6.1188315E-008, -7.84E-004
6.1188685E-008, -7.84E-004
6.1189056E-008, -1.110E-003
6.1189426E-008, -9.47E-004
6.1189796E-008, -1.110E-003
6.1190167E-008, -9.47E-004
6.1190537E-008, -1.110E-003
6.1190907E-008, -9.47E-004
6.1191278E-008, -9.47E-004
6.1191648E-008, -6.03E-004
6.1192019E-008, -1.110E-003
6.1192389E-008, -7.84E-004
6.1192759E-008, -1.273E-003
6.1193130E-008, -1.436E-003
6.1193500E-008, -9.47E-004
6.1193870E-008, -9.47E-004
6.1194241E-008, -7.84E-004
6.1194611E-008, -1.110E-003
6.1194981E-008, -1.436E-003
6.1195352E-008, -1.273E-003
6.1195722E-008, -9.47E-004
6.1196093E-008, -1.273E-003
6.1196463E-008, -7.84E-004
6.1196833E-008, -9.47E-004
6.1197204E-008, -7.84E-004
6.1197574E-008, -7.84E-004
6.1197944E-008, -1.110E-003
6.1198315E-008, -7.84E-004
6.1198685E-008, -1.110E-003
6.1199056E-008, -7.84E-004
6.1199426E-008, -9.47E-004
6.1199796E-008, -1.436E-003
6.1200167E-008, -1.273E-003
6.1200537E-008, -1.273E-003
6.1200907E-008, -1.110E-003
6.1201278E-008, -1.110E-003
6.1201648E-008, -7.84E-004
6.1202019E-008, -1.110E-003
6.1202389E-008, -4.40E-004
6.1202759E-008, -1.273E-003
6.1203130E-008, -1.599E-003
6.1203500E-008, -9.47E-004
6.1203870E-008, -1.273E-003
6.1204241E-008, -1.273E-003
6.1204611E-008, -2.77E-004
6.1204981E-008, -9.47E-004
6.1205352E-008, -9.47E-004
6.1205722E-008, -9.47E-004
6.1206093E-008, -7.84E-004
6.1206463E-008, -1.110E-003
6.1206833E-008, -1.110E-003
6.1207204E-008, -1.110E-003
6.1207574E-008, -1.110E-003
6.1207944E-008, -1.110E-003
6.1208315E-008, -9.47E-004
6.1208685E-008, -9.47E-004
6.1209056E-008, -7.84E-004
6.1209426E-008, -7.84E-004
6.1209796E-008, -7.84E-004
6.1210167E-008, -1.273E-003
6.1210537E-008, -7.84E-004
6.1210907E-008, -1.110E-003
6.1211278E-008, -1.110E-003
6.1211648E-008, -1.273E-003
6.1212019E-008, -1.110E-003
6.1212389E-008, -1.436E-003
6.1212759E-008, -1.273E-003
6.1213130E-008, -9.47E-004
6.1213500E-008, -1.110E-003
6.1213870E-008, -1.110E-003
6.1214241E-008, -1.273E-003
6.1214611E-008, -1.273E-003
6.1214981E-008, -7.84E-004
6.1215352E-008, -1.110E-003
6.1215722E-008, -9.47E-004
6.1216093E-008, -1.273E-003
6.1216463E-008, -1.110E-003
6.1216833E-008, -1.110E-003
6.1217204E-008, -9.47E-004
6.1217574E-008, -9.47E-004
6.1217944E-008, -6.03E-004
6.1218315E-008, -1.110E-003
6.1218685E-008, -1.599E-003
6.1219056E-008, -1.110E-003
6.1219426E-008, -1.273E-003
6.1219796E-008, -1.273E-003
6.1220167E-008, -7.84E-004
6.1220537E-008, -9.47E-004
6.1220907E-008, -1.110E-003
6.1221278E-008, -1.273E-003
6.1221648E-008, -1.273E-003
6.1222019E-008, -1.273E-003
6.1222389E-008, -9.47E-004
6.1222759E-008, -1.436E-003
6.1223130E-008, -1.110E-003
6.1223500E-008, -1.110E-003
6.1223870E-008, -4.40E-004
6.1224241E-008, -1.273E-003
6.1224611E-008, -1.436E-003
6.1224981E-008, -1.110E-003
6.1225352E-008, -1.110E-003
6.1225722E-008, -1.110E-003
6.1226093E-008, -7.84E-004
6.1226463E-008, -1.110E-003
6.1226833E-008, -1.762E-003
6.1227204E-008, -1.273E-003
6.1227574E-008, -1.273E-003
6.1227944E-008, -1.762E-003
6.1228315E-008, -9.47E-004
6.1228685E-008, -9.47E-004
6.1229056E-008, -7.84E-004
6.1229426E-008, -1.273E-003
6.1229796E-008, -7.84E-004
6.1230167E-008, -1.273E-003
6.1230537E-008, -9.47E-004
6.1230907E-008, -1.273E-003
6.1231278E-008, -1.436E-003
6.1231648E-008, -1.436E-003
6.1232019E-008, -1.110E-003
6.1232389E-008, -7.84E-004
6.1232759E-008, -1.599E-003
6.1233130E-008, -7.84E-004
6.1233500E-008, -1.436E-003
6.1233870E-008, -9.47E-004
6.1234241E-008, -1.110E-003
6.1234611E-008, -1.110E-003
6.1234981E-008, -1.762E-003
6.1235352E-008, -9.47E-004
6.1235722E-008, -1.110E-003
6.1236093E-008, -1.110E-003
6.1236463E-008, -1.273E-003
6.1236833E-008, -1.110E-003
6.1237204E-008, -9.47E-004
6.1237574E-008, -1.110E-003
6.1237944E-008, -1.599E-003
6.1238315E-008, -9.47E-004
6.1238685E-008, -6.03E-004
6.1239056E-008, -1.110E-003
6.1239426E-008, -7.84E-004
6.1239796E-008, -1.110E-003
6.1240167E-008, -9.47E-004
6.1240537E-008, -1.273E-003
6.1240907E-008, -1.436E-003
6.1241278E-008, -9.47E-004
6.1241648E-008, -9.47E-004
6.1242019E-008, -9.47E-004
6.1242389E-008, -1.110E-003
6.1242759E-008, -1.273E-003
6.1243130E-008, -9.47E-004
6.1243500E-008, -7.84E-004
6.1243870E-008, -1.110E-003
6.1244241E-008, -9.47E-004
6.1244611E-008, -1.273E-003
6.1244981E-008, -1.436E-003
6.1245352E-008, -1.110E-003
6.1245722E-008, -1.110E-003
6.1246093E-008, -1.110E-003
6.1246463E-008, -6.03E-004
6.1246833E-008, -1.110E-003
6.1247204E-008, -1.273E-003
6.1247574E-008, -1.110E-003
6.1247944E-008, -1.273E-003
6.1248315E-008, -1.110E-003
6.1248685E-008, -9.47E-004
6.1249056E-008, -7.84E-004
6.1249426E-008, -9.47E-004
6.1249796E-008, -9.47E-004
6.1250167E-008, -1.273E-003
6.1250537E-008, -1.273E-003
6.1250907E-008, -1.273E-003
6.1251278E-008, -1.273E-003
6.1251648E-008, -1.110E-003
6.1252019E-008, -1.273E-003
6.1252389E-008, -7.84E-004
6.1252759E-008, -7.84E-004
6.1253130E-008, -1.110E-003
6.1253500E-008, -4.40E-004
6.1253870E-008, -1.273E-003
6.1254241E-008, -1.110E-003
6.1254611E-008, -6.03E-004
6.1254981E-008, -9.47E-004
6.1255352E-008, -1.110E-003
6.1255722E-008, -6.03E-004
6.1256093E-008, -9.47E-004
6.1256463E-008, -9.47E-004
6.1256833E-008, -1.273E-003
6.1257204E-008, -9.47E-004
6.1257574E-008, -9.47E-004
6.1257944E-008, -9.47E-004
6.1258315E-008, -7.84E-004
6.1258685E-008, -6.03E-004
6.1259056E-008, -1.110E-003
6.1259426E-008, -4.40E-004
6.1259796E-008, -1.110E-003
6.1260167E-008, -1.599E-003
6.1260537E-008, -1.110E-003
6.1260907E-008, -1.436E-003
6.1261278E-008, -1.110E-003
6.1261648E-008, -9.47E-004
6.1262019E-008, -7.84E-004
6.1262389E-008, -7.84E-004
6.1262759E-008, -7.84E-004
6.1263130E-008, -9.47E-004
6.1263500E-008, -1.273E-003
6.1263870E-008, -9.47E-004
6.1264241E-008, -7.84E-004
6.1264611E-008, -6.03E-004
6.1264981E-008, -9.47E-004
6.1265352E-008, -1.436E-003
6.1265722E-008, -1.110E-003
6.1266093E-008, -1.110E-003
6.1266463E-008, -1.110E-003
6.1266833E-008, -1.273E-003
6.1267204E-008, -6.03E-004
6.1267574E-008, -9.47E-004
6.1267944E-008, -2.77E-004
6.1268315E-008, -9.47E-004
6.1268685E-008, -1.110E-003
6.1269056E-008, -1.273E-003
6.1269426E-008, -1.110E-003
6.1269796E-008, -1.110E-003
6.1270167E-008, -7.84E-004
6.1270537E-008, -1.273E-003
6.1270907E-008, -7.84E-004
6.1271278E-008, -7.84E-004
6.1271648E-008, -7.84E-004
6.1272019E-008, -7.84E-004
6.1272389E-008, -9.47E-004
6.1272759E-008, -7.84E-004
6.1273130E-008, -1.436E-003
6.1273500E-008, -1.436E-003
6.1273870E-008, -1.110E-003
6.1274241E-008, -4.40E-004
6.1274611E-008, -9.47E-004
6.1274981E-008, -1.110E-003
6.1275352E-008, -9.47E-004
6.1275722E-008, -1.273E-003
6.1276093E-008, -7.84E-004
6.1276463E-008, -6.03E-004
6.1276833E-008, -9.47E-004
6.1277204E-008, -9.47E-004
6.1277574E-008, -7.84E-004
6.1277944E-008, -7.84E-004
6.1278315E-008, -9.47E-004
6.1278685E-008, -6.03E-004
6.1279056E-008, -1.110E-003
6.1279426E-008, -9.47E-004
6.1279796E-008, -7.84E-004
6.1280167E-008, -9.47E-004
6.1280537E-008, -7.84E-004
6.1280907E-008, -1.436E-003
6.1281278E-008, -9.47E-004
6.1281648E-008, -1.110E-003
6.1282019E-008, -6.03E-004
6.1282389E-008, -9.47E-004
6.1282759E-008, -9.47E-004
6.1283130E-008, -9.47E-004
6.1283500E-008, -7.84E-004
6.1283870E-008, -1.110E-003
6.1284241E-008, -1.110E-003
6.1284611E-008, -7.84E-004
6.1284981E-008, -1.110E-003
6.1285352E-008, -4.40E-004
6.1285722E-008, -6.03E-004
6.1286093E-008, -9.47E-004
6.1286463E-008, -7.84E-004
6.1286833E-008, -7.84E-004
6.1287204E-008, -9.47E-004
6.1287574E-008, -7.84E-004
6.1287944E-008, -7.84E-004
6.1288315E-008, -9.47E-004
6.1288685E-008, -6.03E-004
6.1289056E-008, -9.47E-004
6.1289426E-008, -9.47E-004
6.1289796E-008, -9.47E-004
6.1290167E-008, -6.03E-004
6.1290537E-008, -9.47E-004
6.1290907E-008, -6.03E-004
6.1291278E-008, -1.273E-003
6.1291648E-008, -9.47E-004
6.1292019E-008, -2.77E-004
6.1292389E-008, -6.03E-004
6.1292759E-008, -9.47E-004
6.1293130E-008, -7.84E-004
6.1293500E-008, -6.03E-004
6.1293870E-008, -1.110E-003
6.1294241E-008, -9.47E-004
6.1294611E-008, -1.110E-003
6.1294981E-008, -7.84E-004
6.1295352E-008, -4.40E-004
6.1295722E-008, -1.273E-003
6.1296093E-008, -9.47E-004
6.1296463E-008, -7.84E-004
6.1296833E-008, -9.47E-004
6.1297204E-008, -1.436E-003
6.1297574E-008, -7.84E-004
6.1297944E-008, -1.110E-003
6.1298315E-008, -4.40E-004
6.1298685E-008, -6.03E-004
6.1299056E-008, -7.84E-004
6.1299426E-008, -7.84E-004
6.1299796E-008, -9.47E-004
6.1300167E-008, -9.47E-004
6.1300537E-008, -7.84E-004
6.1300907E-008, -2.77E-004
6.1301278E-008, -6.03E-004
6.1301648E-008, -1.273E-003
6.1302019E-008, -9.47E-004
6.1302389E-008, -4.40E-004
6.1302759E-008, -9.47E-004
6.1303130E-008, -9.47E-004
6.1303500E-008, -6.03E-004
6.1303870E-008, -7.84E-004
6.1304241E-008, -7.84E-004
6.1304611E-008, -7.84E-004
6.1304981E-008, -2.77E-004
6.1305352E-008, -7.84E-004
6.1305722E-008, -7.84E-004
6.1306093E-008, -6.03E-004
6.1306463E-008, -9.47E-004
6.1306833E-008, -6.03E-004
6.1307204E-008, -7.84E-004
6.1307574E-008, -7.84E-004
6.1307944E-008, -6.03E-004
6.1308315E-008, -4.40E-004
6.1308685E-008, -7.84E-004
6.1309056E-008, -7.84E-004
6.1309426E-008, -4.40E-004
6.1309796E-008, -4.40E-004
6.1310167E-008, -6.03E-004
6.1310537E-008, -7.84E-004
6.1310907E-008, -9.47E-004
6.1311278E-008, -6.03E-004
6.1311648E-008, -1.14E-004
6.1312019E-008, -7.84E-004
6.1312389E-008, -6.03E-004
6.1312759E-008, -6.03E-004
6.1313130E-008, -2.77E-004
6.1313500E-008, -6.03E-004
6.1313870E-008, -6.03E-004
6.1314241E-008, -9.47E-004
6.1314611E-008, -7.84E-004
6.1314981E-008, -2.77E-004
6.1315352E-008, -2.77E-004
6.1315722E-008, -6.03E-004
6.1316093E-008, -6.03E-004
6.1316463E-008, -9.47E-004
6.1316833E-008, -9.47E-004
6.1317204E-008, -2.77E-004
6.1317574E-008, -4.40E-004
6.1317944E-008, -4.40E-004
6.1318315E-008, -7.84E-004
6.1318685E-008, -7.84E-004
6.1319056E-008, -4.40E-004
6.1319426E-008, -2.77E-004
6.1319796E-008, -6.03E-004
6.1320167E-008, -6.03E-004
6.1320537E-008, -6.03E-004
6.1320907E-008, -6.03E-004
6.1321278E-008, -2.77E-004
6.1321648E-008, -4.40E-004
6.1322019E-008, -6.03E-004
6.1322389E-008, -4.40E-004
6.1322759E-008, -7.84E-004
6.1323130E-008, -4.40E-004
6.1323500E-008, -6.03E-004
6.1323870E-008, -4.40E-004
6.1324241E-008, -4.40E-004
6.1324611E-008, -4.40E-004
6.1324981E-008, -2.77E-004
6.1325352E-008, -2.77E-004
6.1325722E-008, -1.14E-004
6.1326093E-008, -6.03E-004
6.1326463E-008, -4.40E-004
6.1326833E-008, -2.77E-004
6.1327204E-008, -6.03E-004
6.1327574E-008, -4.40E-004
6.1327944E-008, -6.03E-004
6.1328315E-008, -4.40E-004
6.1328685E-008, -2.77E-004
6.1329056E-008, -7.84E-004
6.1329426E-008, -4.40E-004
6.1329796E-008, -6.03E-004
6.1330167E-008, -6.03E-004
6.1330537E-008, -6.03E-004
6.1330907E-008, -1.14E-004
6.1331278E-008, -2.77E-004
6.1331648E-008, -4.40E-004
6.1332019E-008, -6.03E-004
6.1332389E-008, -1.14E-004
6.1332759E-008, -2.77E-004
6.1333130E-008, -6.03E-004
6.1333500E-008, -6.03E-004
6.1333870E-008, -4.40E-004
6.1334241E-008, -2.77E-004
6.1334611E-008, -2.77E-004
6.1334981E-008, -7.84E-004
6.1335352E-008, -4.40E-004
6.1335722E-008, -4.40E-004
6.1336093E-008, -6.03E-004
6.1336463E-008, -9.47E-004
6.1336833E-008, -2.77E-004
6.1337204E-008, -6.03E-004
6.1337574E-008, -2.77E-004
6.1337944E-008, -9.47E-004
6.1338315E-008, -7.84E-004
6.1338685E-008, -9.47E-004
6.1339056E-008, -6.03E-004
6.1339426E-008, -6.03E-004
6.1339796E-008, -6.03E-004
6.1340167E-008, -7.84E-004
6.1340537E-008, -2.77E-004
6.1340907E-008, -6.03E-004
6.1341278E-008, -6.03E-004
6.1341648E-008, -4.40E-004
6.1342019E-008, -2.77E-004
6.1342389E-008, 4.9E-005
6.1342759E-008, -7.84E-004
6.1343130E-008, -2.77E-004
6.1343500E-008, -9.47E-004
6.1343870E-008, -4.40E-004
6.1344241E-008, -4.40E-004
6.1344611E-008, -1.110E-003
6.1344981E-008, -4.40E-004
6.1345352E-008, -2.77E-004
6.1345722E-008, -7.84E-004
6.1346093E-008, -4.40E-004
6.1346463E-008, -6.03E-004
6.1346833E-008, -4.40E-004
6.1347204E-008, -1.273E-003
6.1347574E-008, -2.77E-004
6.1347944E-008, -4.40E-004
6.1348315E-008, -7.84E-004
6.1348685E-008, -7.84E-004
6.1349056E-008, -2.77E-004
6.1349426E-008, -4.40E-004
6.1349796E-008, -6.03E-004
6.1350167E-008, -4.40E-004
6.1350537E-008, -6.03E-004
6.1350907E-008, -7.84E-004
6.1351278E-008, -1.273E-003
6.1351648E-008, -6.03E-004
6.1352019E-008, -1.436E-003
6.1352389E-008, -1.762E-003
6.1352759E-008, -6.03E-004
6.1353130E-008, -4.40E-004
6.1353500E-008, -1.436E-003
6.1353870E-008, -9.47E-004
6.1354241E-008, -9.47E-004
6.1354611E-008, -1.110E-003
6.1354981E-008, -1.273E-003
6.1355352E-008, -1.599E-003
6.1355722E-008, -1.110E-003
6.1356093E-008, -7.84E-004
6.1356463E-008, -7.84E-004
6.1356833E-008, -1.110E-003
6.1357204E-008, -1.110E-003
6.1357574E-008, -1.436E-003
6.1357944E-008, -1.273E-003
6.1358315E-008, -1.599E-003
6.1358685E-008, -6.03E-004
6.1359056E-008, -1.273E-003
6.1359426E-008, -2.902E-003
6.1359796E-008, -1.762E-003
6.1360167E-008, -2.088E-003
6.1360537E-008, -3.065E-003
6.1360907E-008, -1.925E-003
6.1361278E-008, -1.762E-003
6.1361648E-008, -1.436E-003
6.1362019E-008, -1.925E-003
6.1362389E-008, -2.250E-003
6.1362759E-008, -1.599E-003
6.1363130E-008, -3.572E-003
6.1363500E-008, -1.925E-003
6.1363870E-008, -7.84E-004
6.1364241E-008, -3.065E-003
6.1364611E-008, -4.224E-003
6.1364981E-008, -2.088E-003
6.1365352E-008, -3.065E-003
6.1365722E-008, -1.599E-003
6.1366093E-008, -3.065E-003
6.1366463E-008, -3.065E-003
6.1366833E-008, -2.088E-003
6.1367204E-008, -2.739E-003
6.1367574E-008, -3.898E-003
6.1367944E-008, -2.739E-003
6.1368315E-008, -3.898E-003
6.1368685E-008, -4.224E-003
6.1369056E-008, -3.898E-003
6.1369426E-008, -3.065E-003
6.1369796E-008, -2.250E-003
6.1370167E-008, -4.061E-003
6.1370537E-008, -4.224E-003
6.1370907E-008, -3.898E-003
6.1371278E-008, -3.572E-003
6.1371648E-008, -5.382E-003
6.1372019E-008, -4.876E-003
6.1372389E-008, -5.708E-003
6.1372759E-008, -5.382E-003
6.1373130E-008, -4.713E-003
6.1373500E-008, -4.876E-003
6.1373870E-008, -4.550E-003
6.1374241E-008, -5.220E-003
6.1374611E-008, -5.220E-003
6.1374981E-008, -6.541E-003
6.1375352E-008, -5.220E-003
6.1375722E-008, -8.840E-003
6.1376093E-008, -5.382E-003
6.1376463E-008, -5.382E-003
6.1376833E-008, -7.193E-003
6.1377204E-008, -7.193E-003
6.1377574E-008, -4.550E-003
6.1377944E-008, -7.682E-003
6.1378315E-008, -9.003E-003
6.1378685E-008, -4.713E-003
6.1379056E-008, -8.677E-003
6.1379426E-008, -9.510E-003
6.1379796E-008, -5.708E-003
6.1380167E-008, -8.677E-003
6.1380537E-008, -5.708E-003
6.1380907E-008, -6.541E-003
6.1381278E-008, -8.677E-003
6.1381648E-008, -7.030E-003
6.1382019E-008, -9.166E-003
6.1382389E-008, -8.840E-003
6.1382759E-008, -6.867E-003
6.1383130E-008, -1.0488E-002
6.1383500E-008, -1.1646E-002
6.1383870E-008, -1.3783E-002
6.1384241E-008, -8.840E-003
6.1384611E-008, -1.0162E-002
6.1384981E-008, -8.514E-003
6.1385352E-008, -1.4290E-002
6.1385722E-008, -9.510E-003
6.1386093E-008, -1.1972E-002
6.1386463E-008, -1.1809E-002
6.1386833E-008, -8.677E-003
6.1387204E-008, -1.0325E-002
6.1387574E-008, -1.2805E-002
6.1387944E-008, -1.0814E-002
6.1388315E-008, -9.999E-003
6.1388685E-008, -1.0814E-002
6.1389056E-008, -1.3294E-002
6.1389426E-008, -1.3783E-002
6.1389796E-008, -1.1646E-002
6.1390167E-008, -1.6100E-002
6.1390537E-008, -1.1972E-002
6.1390907E-008, -1.5267E-002
6.1391278E-008, -1.9902E-002
6.1391648E-008, -1.4127E-002
6.1392019E-008, -1.2135E-002
6.1392389E-008, -1.5611E-002
6.1392759E-008, -1.2479E-002
6.1393130E-008, -1.6426E-002
6.1393500E-008, -1.6589E-002
6.1393870E-008, -1.4941E-002
6.1394241E-008, -1.4453E-002
6.1394611E-008, -1.6589E-002
6.1394981E-008, -1.9395E-002
6.1395352E-008, -1.8906E-002
6.1395722E-008, -1.6589E-002
6.1396093E-008, -1.7747E-002
6.1396463E-008, -1.5267E-002
6.1396833E-008, -1.6426E-002
6.1397204E-008, -1.6426E-002
6.1397574E-008, -2.0554E-002
6.1397944E-008, -1.9395E-002
6.1398315E-008, -1.6426E-002
6.1398685E-008, -1.7910E-002
6.1399056E-008, -2.2545E-002
6.1399426E-008, -1.9739E-002
6.1399796E-008, -1.8236E-002
6.1400167E-008, -2.2871E-002
6.1400537E-008, -2.7180E-002
6.1400907E-008, -1.8580E-002
6.1401278E-008, -2.4536E-002
6.1401648E-008, -2.2056E-002
6.1402019E-008, -2.0716E-002
6.1402389E-008, -2.5532E-002
6.1402759E-008, -1.8580E-002
6.1403130E-008, -2.7180E-002
6.1403500E-008, -2.7505E-002
6.1403870E-008, -2.0716E-002
6.1404241E-008, -2.4029E-002
6.1404611E-008, -2.8845E-002
6.1404981E-008, -2.8664E-002
6.1405352E-008, -1.9395E-002
6.1405722E-008, -2.7849E-002
6.1406093E-008, -2.6347E-002
6.1406463E-008, -2.3378E-002
6.1406833E-008, -2.8664E-002
6.1407204E-008, -2.9660E-002
6.1407574E-008, -3.2973E-002
6.1407944E-008, -3.0981E-002
6.1408315E-008, -3.1488E-002
6.1408685E-008, -3.0981E-002
6.1409056E-008, -3.9925E-002
6.1409426E-008, -3.3968E-002
6.1409796E-008, -3.4638E-002
6.1410167E-008, -3.5127E-002
6.1410537E-008, -2.6021E-002
6.1410907E-008, -3.4294E-002
6.1411278E-008, -3.0981E-002
6.1411648E-008, -3.4475E-002
6.1412019E-008, -3.2647E-002
6.1412389E-008, -3.0981E-002
6.1412759E-008, -3.3643E-002
6.1413130E-008, -3.4964E-002
6.1413500E-008, -4.3889E-002
6.1413870E-008, -4.1083E-002
6.1414241E-008, -3.3806E-002
6.1414611E-008, -3.4801E-002
6.1414981E-008, -2.9334E-002
6.1415352E-008, -3.8096E-002
6.1415722E-008, -4.2568E-002
6.1416093E-008, -4.7202E-002
6.1416463E-008, -3.8766E-002
6.1416833E-008, -4.1735E-002
6.1417204E-008, -3.9255E-002
6.1417574E-008, -3.6775E-002
6.1417944E-008, -3.6775E-002
6.1418315E-008, -3.9255E-002
6.1418685E-008, -3.3299E-002
6.1419056E-008, -4.0920E-002
6.1419426E-008, -4.8361E-002
6.1419796E-008, -4.7365E-002
6.1420167E-008, -4.2894E-002
6.1420537E-008, -4.2405E-002
6.1420907E-008, -4.6044E-002
6.1421278E-008, -4.5211E-002
6.1421648E-008, -5.2996E-002
6.1422019E-008, -3.7281E-002
6.1422389E-008, -5.4317E-002
6.1422759E-008, -4.2242E-002
6.1423130E-008, -5.3484E-002
6.1423500E-008, -5.5965E-002
6.1423870E-008, -4.8687E-002
6.1424241E-008, -4.5718E-002
6.1424611E-008, -5.0171E-002
6.1424981E-008, -4.5211E-002
6.1425352E-008, -5.5802E-002
6.1425722E-008, -5.5132E-002
6.1426093E-008, -5.9929E-002
6.1426463E-008, -6.1921E-002
6.1426833E-008, -5.5802E-002
6.1427204E-008, -6.6718E-002
6.1427574E-008, -5.9604E-002
6.1427944E-008, -6.4890E-002
6.1428315E-008, -5.6960E-002
6.1428685E-008, -5.2996E-002
6.1429056E-008, -6.4564E-002
6.1429426E-008, -6.8692E-002
6.1429796E-008, -6.3242E-002
6.1430167E-008, -6.3242E-002
6.1430537E-008, -5.7775E-002
6.1430907E-008, -5.7956E-002
6.1431278E-008, -6.7859E-002
6.1431648E-008, -7.8232E-002
6.1432019E-008, -6.6049E-002
6.1432389E-008, -7.6259E-002
6.1432759E-008, -6.8185E-002
6.1433130E-008, -6.9995E-002
6.1433500E-008, -6.1088E-002
6.1433870E-008, -5.7449E-002
6.1434241E-008, -8.2161E-002
6.1434611E-008, -7.1480E-002
6.1434981E-008, -7.9210E-002
6.1435352E-008, -8.4134E-002
6.1435722E-008, -7.7581E-002
6.1436093E-008, -5.8282E-002
6.1436463E-008, -6.4890E-002
6.1436833E-008, -7.5933E-002
6.1437204E-008, -6.9506E-002
6.1437574E-008, -7.5770E-002
6.1437944E-008, -7.4449E-002
6.1438315E-008, -7.7581E-002
6.1438685E-008, -7.2964E-002
6.1439056E-008, -7.8395E-002
6.1439426E-008, -8.5112E-002
6.1439796E-008, -7.8721E-002
6.1440167E-008, -8.2161E-002
6.1440537E-008, -8.9529E-002
6.1440907E-008, -7.5589E-002
6.1441278E-008, -7.8232E-002
6.1441648E-008, -8.7393E-002
6.1442019E-008, -9.6554E-002
6.1442389E-008, -8.7230E-002
6.1442759E-008, -8.3646E-002
6.1443130E-008, -8.3808E-002
6.1443500E-008, -8.9692E-002
6.1443870E-008, -8.9203E-002
6.1444241E-008, -9.6065E-002
6.1444611E-008, -9.4580E-002
6.1444981E-008, -9.3929E-002
6.1445352E-008, -9.0996E-002
6.1445722E-008, -9.8183E-002
6.1446093E-008, -9.2299E-002
6.1446463E-008, -8.9366E-002
6.1446833E-008, -9.4924E-002
6.1447204E-008, -9.4254E-002
6.1447574E-008, -1.03198E-001
6.1447944E-008, -9.8998E-002
6.1448315E-008, -9.9957E-002
6.1448685E-008, -9.6554E-002
6.1449056E-008, -9.3766E-002
6.1449426E-008, -1.01098E-001
6.1449796E-008, -1.00772E-001
6.1450167E-008, -1.02401E-001
6.1450537E-008, -1.14223E-001
6.1450907E-008, -9.3766E-002
6.1451278E-008, -1.03361E-001
6.1451648E-008, -1.04990E-001
6.1452019E-008, -1.04827E-001
6.1452389E-008, -1.09534E-001
6.1452759E-008, -1.11308E-001
6.1453130E-008, -1.10494E-001
6.1453500E-008, -1.10494E-001
6.1453870E-008, -1.21465E-001
6.1454241E-008, -9.8020E-002
6.1454611E-008, -9.9324E-002
6.1454981E-008, -1.08719E-001
6.1455352E-008, -1.03524E-001
6.1455722E-008, -1.19057E-001
6.1456093E-008, -1.21139E-001
6.1456463E-008, -1.15183E-001
6.1456833E-008, -1.08719E-001
6.1457204E-008, -1.17120E-001
6.1457574E-008, -1.11960E-001
6.1457944E-008, -1.18097E-001
6.1458315E-008, -1.21302E-001
6.1458685E-008, -1.17283E-001
6.1459056E-008, -1.17120E-001
6.1459426E-008, -1.25809E-001
6.1459796E-008, -1.25176E-001
6.1460167E-008, -1.17608E-001
6.1460537E-008, -1.20668E-001
6.1460907E-008, -1.25809E-001
6.1461278E-008, -1.21627E-001
6.1461648E-008, -1.20831E-001
6.1462019E-008, -1.18894E-001
6.1462389E-008, -1.28869E-001
6.1462759E-008, -1.18568E-001
6.1463130E-008, -1.33341E-001
6.1463500E-008, -1.25502E-001
6.1463870E-008, -1.18242E-001
6.1464241E-008, -1.27421E-001
6.1464611E-008, -1.30154E-001
6.1464981E-008, -1.30643E-001
6.1465352E-008, -1.30643E-001
6.1465722E-008, -1.34463E-001
6.1466093E-008, -1.33830E-001
6.1466463E-008, -1.34155E-001
6.1466833E-008, -1.20505E-001
6.1467204E-008, -1.38301E-001
6.1467574E-008, -1.35097E-001
6.1467944E-008, -1.34952E-001
6.1468315E-008, -1.27258E-001
6.1468685E-008, -1.34300E-001
6.1469056E-008, -1.35097E-001
6.1469426E-008, -1.36708E-001
6.1469796E-008, -1.44040E-001
6.1470167E-008, -1.32073E-001
6.1470537E-008, -1.29032E-001
6.1470907E-008, -1.41813E-001
6.1471278E-008, -1.33504E-001
6.1471648E-008, -1.39731E-001
6.1472019E-008, -1.40528E-001
6.1472389E-008, -1.38772E-001
6.1472759E-008, -1.38772E-001
6.1473130E-008, -1.39568E-001
6.1473500E-008, -1.42284E-001
6.1473870E-008, -1.37505E-001
6.1474241E-008, -1.38609E-001
6.1474611E-008, -1.36545E-001
6.1474981E-008, -1.43244E-001
6.1475352E-008, -1.40691E-001
6.1475722E-008, -1.37812E-001
6.1476093E-008, -1.40854E-001
6.1476463E-008, -1.40365E-001
6.1476833E-008, -1.39731E-001
6.1477204E-008, -1.45307E-001
6.1477574E-008, -1.36219E-001
6.1477944E-008, -1.48638E-001
6.1478315E-008, -1.43244E-001
6.1478685E-008, -1.38772E-001
6.1479056E-008, -1.50069E-001
6.1479426E-008, -1.48168E-001
6.1479796E-008, -1.50376E-001
6.1480167E-008, -1.49435E-001
6.1480537E-008, -1.46575E-001
6.1480907E-008, -1.56550E-001
6.1481278E-008, -1.51951E-001
6.1481648E-008, -1.53382E-001
6.1482019E-008, -1.55590E-001
6.1482389E-008, -1.50847E-001
6.1482759E-008, -1.53219E-001
6.1483130E-008, -1.43714E-001
6.1483500E-008, -1.46267E-001
6.1483870E-008, -1.50539E-001
6.1484241E-008, -1.46738E-001
6.1484611E-008, -1.48801E-001
6.1484981E-008, -1.54649E-001
6.1485352E-008, -1.59392E-001
6.1485722E-008, -1.47679E-001
6.1486093E-008, -1.53545E-001
6.1486463E-008, -1.58921E-001
6.1486833E-008, -1.51807E-001
6.1487204E-008, -1.56695E-001
6.1487574E-008, -1.61293E-001
6.1487944E-008, -1.60659E-001
6.1488315E-008, -1.55446E-001
6.1488685E-008, -1.58759E-001
6.1489056E-008, -1.52585E-001
6.1489426E-008, -1.56858E-001
6.1489796E-008, -1.57491E-001
6.1490167E-008, -1.54486E-001
6.1490537E-008, -1.55446E-001
6.1490907E-008, -1.60967E-001
6.1491278E-008, -1.60822E-001
6.1491648E-008, -1.58759E-001
6.1492019E-008, -1.64117E-001
6.1492389E-008, -1.61293E-001
6.1492759E-008, -1.62235E-001
6.1493130E-008, -1.61293E-001
6.1493500E-008, -1.63321E-001
6.1493870E-008, -1.63810E-001
6.1494241E-008, -1.63484E-001
6.1494611E-008, -1.63484E-001
6.1494981E-008, -1.65222E-001
6.1495352E-008, -1.60822E-001
6.1495722E-008, -1.65529E-001
6.1496093E-008, -1.61601E-001
6.1496463E-008, -1.64896E-001
6.1496833E-008, -1.66308E-001
6.1497204E-008, -1.65059E-001
6.1497574E-008, -1.62705E-001
6.1497944E-008, -1.64588E-001
6.1498315E-008, -1.66942E-001
6.1498685E-008, -1.64425E-001
6.1499056E-008, -1.68354E-001
6.1499426E-008, -1.65692E-001
6.1499796E-008, -1.63810E-001
6.1500167E-008, -1.63484E-001
6.1500537E-008, -1.64425E-001
6.1500907E-008, -1.64117E-001
6.1501278E-008, -1.66634E-001
6.1501648E-008, -1.67738E-001
6.1502019E-008, -1.68824E-001
6.1502389E-008, -1.65366E-001
6.1502759E-008, -1.69621E-001
6.1503130E-008, -1.70399E-001
6.1503500E-008, -1.68679E-001
6.1503870E-008, -1.69621E-001
6.1504241E-008, -1.68046E-001
6.1504611E-008, -1.69766E-001
6.1504981E-008, -1.66471E-001
6.1505352E-008, -1.72137E-001
6.1505722E-008, -1.68517E-001
6.1506093E-008, -1.67575E-001
6.1506463E-008, -1.68987E-001
6.1506833E-008, -1.66942E-001
6.1507204E-008, -1.70092E-001
6.1507574E-008, -1.71196E-001
6.1507944E-008, -1.69295E-001
6.1508315E-008, -1.70725E-001
6.1508685E-008, -1.68824E-001
6.1509056E-008, -1.71811E-001
6.1509426E-008, -1.72445E-001
6.1509796E-008, -1.69458E-001
6.1510167E-008, -1.71341E-001
6.1510537E-008, -1.71504E-001
6.1510907E-008, -1.72445E-001
6.1511278E-008, -1.70870E-001
6.1511648E-008, -1.70870E-001
6.1512019E-008, -1.70255E-001
6.1512389E-008, -1.71974E-001
6.1512759E-008, -1.72137E-001
6.1513130E-008, -1.71811E-001
6.1513500E-008, -1.72916E-001
6.1513870E-008, -1.73549E-001
6.1514241E-008, -1.73079E-001
6.1514611E-008, -1.72916E-001
6.1514981E-008, -1.70725E-001
6.1515352E-008, -1.72916E-001
6.1515722E-008, -1.72916E-001
6.1516093E-008, -1.73079E-001
6.1516463E-008, -1.71811E-001
6.1516833E-008, -1.73712E-001
6.1517204E-008, -1.72445E-001
6.1517574E-008, -1.73224E-001
6.1517944E-008, -1.73386E-001
6.1518315E-008, -1.73224E-001
6.1518685E-008, -1.73224E-001
6.1519056E-008, -1.73857E-001
6.1519426E-008, -1.73386E-001
6.1519796E-008, -1.72282E-001
6.1520167E-008, -1.74020E-001
6.1520537E-008, -1.74328E-001
6.1520907E-008, -1.73079E-001
6.1521278E-008, -1.74183E-001
6.1521648E-008, -1.74020E-001
6.1522019E-008, -1.73857E-001
6.1522389E-008, -1.74328E-001
6.1522759E-008, -1.74654E-001
6.1523130E-008, -1.74020E-001
6.1523500E-008, -1.73712E-001
6.1523870E-008, -1.75903E-001
6.1524241E-008, -1.73712E-001
6.1524611E-008, -1.74020E-001
6.1524981E-008, -1.74491E-001
6.1525352E-008, -1.74183E-001
6.1525722E-008, -1.73712E-001
6.1526093E-008, -1.76066E-001
6.1526463E-008, -1.74799E-001
6.1526833E-008, -1.74328E-001
6.1527204E-008, -1.75595E-001
6.1527574E-008, -1.74962E-001
6.1527944E-008, -1.74962E-001
6.1528315E-008, -1.74491E-001
6.1528685E-008, -1.74962E-001
6.1529056E-008, -1.74962E-001
6.1529426E-008, -1.75269E-001
6.1529796E-008, -1.76066E-001
6.1530167E-008, -1.75269E-001
6.1530537E-008, -1.76537E-001
6.1530907E-008, -1.75124E-001
6.1531278E-008, -1.75595E-001
6.1531648E-008, -1.76537E-001
6.1532019E-008, -1.76066E-001
6.1532389E-008, -1.76211E-001
6.1532759E-008, -1.76211E-001
6.1533130E-008, -1.75432E-001
6.1533500E-008, -1.75595E-001
6.1533870E-008, -1.75432E-001
6.1534241E-008, -1.76211E-001
6.1534611E-008, -1.75269E-001
6.1534981E-008, -1.76066E-001
6.1535352E-008, -1.75740E-001
6.1535722E-008, -1.76374E-001
6.1536093E-008, -1.76211E-001
6.1536463E-008, -1.76066E-001
6.1536833E-008, -1.76066E-001
6.1537204E-008, -1.76374E-001
6.1537574E-008, -1.75595E-001
6.1537944E-008, -1.76211E-001
6.1538315E-008, -1.75269E-001
6.1538685E-008, -1.76066E-001
6.1539056E-008, -1.75432E-001
6.1539426E-008, -1.76066E-001
6.1539796E-008, -1.76844E-001
6.1540167E-008, -1.75903E-001
6.1540537E-008, -1.76374E-001
6.1540907E-008, -1.75595E-001
6.1541278E-008, -1.76374E-001
6.1541648E-008, -1.76537E-001
6.1542019E-008, -1.76374E-001
6.1542389E-008, -1.76211E-001
6.1542759E-008, -1.76844E-001
6.1543130E-008, -1.76700E-001
6.1543500E-008, -1.76066E-001
6.1543870E-008, -1.77007E-001
6.1544241E-008, -1.76537E-001
6.1544611E-008, -1.76066E-001
6.1544981E-008, -1.76844E-001
6.1545352E-008, -1.76844E-001
6.1545722E-008, -1.76374E-001
6.1546093E-008, -1.76844E-001
6.1546463E-008, -1.76844E-001
6.1546833E-008, -1.76374E-001
6.1547204E-008, -1.77007E-001
6.1547574E-008, -1.76066E-001
6.1547944E-008, -1.76537E-001
6.1548315E-008, -1.76844E-001
6.1548685E-008, -1.76700E-001
6.1549056E-008, -1.77152E-001
6.1549426E-008, -1.76700E-001
6.1549796E-008, -1.76374E-001
6.1550167E-008, -1.77007E-001
6.1550537E-008, -1.77007E-001
6.1550907E-008, -1.77007E-001
6.1551278E-008, -1.77152E-001
6.1551648E-008, -1.76211E-001
6.1552019E-008, -1.77007E-001
6.1552389E-008, -1.77315E-001
6.1552759E-008, -1.77315E-001
6.1553130E-008, -1.77007E-001
6.1553500E-008, -1.77007E-001
6.1553870E-008, -1.76537E-001
6.1554241E-008, -1.76700E-001
6.1554611E-008, -1.77152E-001
6.1554981E-008, -1.77007E-001
6.1555352E-008, -1.76844E-001
6.1555722E-008, -1.76700E-001
6.1556093E-008, -1.77007E-001
6.1556463E-008, -1.77152E-001
6.1556833E-008, -1.77478E-001
6.1557204E-008, -1.77786E-001
6.1557574E-008, -1.77007E-001
6.1557944E-008, -1.76700E-001
6.1558315E-008, -1.77007E-001
6.1558685E-008, -1.76374E-001
6.1559056E-008, -1.76700E-001
6.1559426E-008, -1.76844E-001
6.1559796E-008, -1.77478E-001
6.1560167E-008, -1.77152E-001
6.1560537E-008, -1.77623E-001
6.1560907E-008, -1.77152E-001
6.1561278E-008, -1.77007E-001
6.1561648E-008, -1.77315E-001
6.1562019E-008, -1.77623E-001
6.1562389E-008, -1.76844E-001
6.1562759E-008, -1.77007E-001
6.1563130E-008, -1.77623E-001
6.1563500E-008, -1.77152E-001
6.1563870E-008, -1.77315E-001
6.1564241E-008, -1.76537E-001
6.1564611E-008, -1.77786E-001
6.1564981E-008, -1.77478E-001
6.1565352E-008, -1.77152E-001
6.1565722E-008, -1.77315E-001
6.1566093E-008, -1.77786E-001
6.1566463E-008, -1.77007E-001
6.1566833E-008, -1.77623E-001
6.1567204E-008, -1.78094E-001
6.1567574E-008, -1.77007E-001
6.1567944E-008, -1.76844E-001
6.1568315E-008, -1.77478E-001
6.1568685E-008, -1.77949E-001
6.1569056E-008, -1.77623E-001
6.1569426E-008, -1.77478E-001
6.1569796E-008, -1.77152E-001
6.1570167E-008, -1.77478E-001
6.1570537E-008, -1.78564E-001
6.1570907E-008, -1.77623E-001
6.1571278E-008, -1.77478E-001
6.1571648E-008, -1.77623E-001
6.1572019E-008, -1.77623E-001
6.1572389E-008, -1.77623E-001
6.1572759E-008, -1.77315E-001
6.1573130E-008, -1.77623E-001
6.1573500E-008, -1.77315E-001
6.1573870E-008, -1.78256E-001
6.1574241E-008, -1.78564E-001
6.1574611E-008, -1.78256E-001
6.1574981E-008, -1.77786E-001
6.1575352E-008, -1.77786E-001
6.1575722E-008, -1.77315E-001
6.1576093E-008, -1.77786E-001
6.1576463E-008, -1.77315E-001
6.1576833E-008, -1.77786E-001
6.1577204E-008, -1.77478E-001
6.1577574E-008, -1.77949E-001
6.1577944E-008, -1.77152E-001
6.1578315E-008, -1.77949E-001
6.1578685E-008, -1.78094E-001
6.1579056E-008, -1.78094E-001
6.1579426E-008, -1.77949E-001
6.1579796E-008, -1.78256E-001
6.1580167E-008, -1.78094E-001
6.1580537E-008, -1.77949E-001
6.1580907E-008, -1.77786E-001
6.1581278E-008, -1.77949E-001
6.1581648E-008, -1.77623E-001
6.1582019E-008, -1.78419E-001
6.1582389E-008, -1.78419E-001
6.1582759E-008, -1.77786E-001
6.1583130E-008, -1.78564E-001
6.1583500E-008, -1.78256E-001
6.1583870E-008, -1.78727E-001
6.1584241E-008, -1.79035E-001
6.1584611E-008, -1.78419E-001
6.1584981E-008, -1.77949E-001
6.1585352E-008, -1.77623E-001
6.1585722E-008, -1.78256E-001
6.1586093E-008, -1.78872E-001
6.1586463E-008, -1.78564E-001
6.1586833E-008, -1.78564E-001
6.1587204E-008, -1.78872E-001
6.1587574E-008, -1.78564E-001
6.1587944E-008, -1.78727E-001
6.1588315E-008, -1.79198E-001
6.1588685E-008, -1.79343E-001
6.1589056E-008, -1.78564E-001
6.1589426E-008, -1.79035E-001
6.1589796E-008, -1.78727E-001
6.1590167E-008, -1.78564E-001
6.1590537E-008, -1.78727E-001
6.1590907E-008, -1.78256E-001
6.1591278E-008, -1.78872E-001
6.1591648E-008, -1.79035E-001
6.1592019E-008, -1.78727E-001
6.1592389E-008, -1.78727E-001
6.1592759E-008, -1.79035E-001
6.1593130E-008, -1.78872E-001
6.1593500E-008, -1.78419E-001
6.1593870E-008, -1.78419E-001
6.1594241E-008, -1.78872E-001
6.1594611E-008, -1.79669E-001
6.1594981E-008, -1.78872E-001
6.1595352E-008, -1.79035E-001
6.1595722E-008, -1.79035E-001
6.1596093E-008, -1.79976E-001
6.1596463E-008, -1.78872E-001
6.1596833E-008, -1.78872E-001
6.1597204E-008, -1.79343E-001
6.1597574E-008, -1.79669E-001
6.1597944E-008, -1.78727E-001
6.1598315E-008, -1.79035E-001
6.1598685E-008, -1.79506E-001
6.1599056E-008, -1.78872E-001
6.1599426E-008, -1.78872E-001
6.1599796E-008, -1.79343E-001
6.1600167E-008, -1.79506E-001
6.1600537E-008, -1.79506E-001
6.1600907E-008, -1.78872E-001
6.1601278E-008, -1.79976E-001
6.1601648E-008, -1.79506E-001
6.1602019E-008, -1.79343E-001
6.1602389E-008, -1.79669E-001
6.1602759E-008, -1.79035E-001
6.1603130E-008, -1.79506E-001
6.1603500E-008, -1.78727E-001
6.1603870E-008, -1.79506E-001
6.1604241E-008, -1.79035E-001
6.1604611E-008, -1.79506E-001
6.1604981E-008, -1.79813E-001
6.1605352E-008, -1.78872E-001
6.1605722E-008, -1.79506E-001
6.1606093E-008, -1.79506E-001
6.1606463E-008, -1.78872E-001
6.1606833E-008, -1.79343E-001
6.1607204E-008, -1.78727E-001
6.1607574E-008, -1.79343E-001
6.1607944E-008, -1.79035E-001
6.1608315E-008, -1.79035E-001
6.1608685E-008, -1.79669E-001
6.1609056E-008, -1.79506E-001
6.1609426E-008, -1.78727E-001
6.1609796E-008, -1.78872E-001
6.1610167E-008, -1.79198E-001
6.1610537E-008, -1.79669E-001
6.1610907E-008, -1.79035E-001
6.1611278E-008, -1.79035E-001
6.1611648E-008, -1.80139E-001
6.1612019E-008, -1.79506E-001
6.1612389E-008, -1.78872E-001
6.1612759E-008, -1.80139E-001
6.1613130E-008, -1.80139E-001
6.1613500E-008, -1.79343E-001
6.1613870E-008, -1.80139E-001
6.1614241E-008, -1.79669E-001
6.1614611E-008, -1.79343E-001
6.1614981E-008, -1.80139E-001
6.1615352E-008, -1.78727E-001
6.1615722E-008, -1.79813E-001
6.1616093E-008, -1.79343E-001
6.1616463E-008, -1.80447E-001
6.1616833E-008, -1.79506E-001
6.1617204E-008, -1.79506E-001
6.1617574E-008, -1.78872E-001
6.1617944E-008, -1.79669E-001
6.1618315E-008, -1.79343E-001
6.1618685E-008, -1.79343E-001
6.1619056E-008, -1.79669E-001
6.1619426E-008, -1.79669E-001
6.1619796E-008, -1.79198E-001
6.1620167E-008, -1.79506E-001
6.1620537E-008, -1.79343E-001
6.1620907E-008, -1.79813E-001
6.1621278E-008, -1.79506E-001
6.1621648E-008, -1.79198E-001
6.1622019E-008, -1.79506E-001
6.1622389E-008, -1.80447E-001
6.1622759E-008, -1.80139E-001
6.1623130E-008, -1.79343E-001
6.1623500E-008, -1.79506E-001
6.1623870E-008, -1.79669E-001
6.1624241E-008, -1.79813E-001
6.1624611E-008, -1.79198E-001
6.1624981E-008, -1.79506E-001
6.1625352E-008, -1.79198E-001
6.1625722E-008, -1.79976E-001
6.1626093E-008, -1.79343E-001
6.1626463E-008, -1.79669E-001
6.1626833E-008, -1.79343E-001
6.1627204E-008, -1.79506E-001
6.1627574E-008, -1.79813E-001
6.1627944E-008, -1.79506E-001
6.1628315E-008, -1.79976E-001
6.1628685E-008, -1.79506E-001
6.1629056E-008, -1.79976E-001
6.1629426E-008, -1.79506E-001
6.1629796E-008, -1.80139E-001
6.1630167E-008, -1.79976E-001
6.1630537E-008, -1.80447E-001
6.1630907E-008, -1.79813E-001
6.1631278E-008, -1.79669E-001
6.1631648E-008, -1.80284E-001
6.1632019E-008, -1.80284E-001
6.1632389E-008, -1.79669E-001
6.1632759E-008, -1.79343E-001
6.1633130E-008, -1.79669E-001
6.1633500E-008, -1.79506E-001
6.1633870E-008, -1.79976E-001
6.1634241E-008, -1.79343E-001
6.1634611E-008, -1.79669E-001
6.1634981E-008, -1.79506E-001
6.1635352E-008, -1.79669E-001
6.1635722E-008, -1.79506E-001
6.1636093E-008, -1.79343E-001
6.1636463E-008, -1.79669E-001
6.1636833E-008, -1.79198E-001
6.1637204E-008, -1.80139E-001
6.1637574E-008, -1.78564E-001
6.1637944E-008, -1.79813E-001
6.1638315E-008, -1.79813E-001
6.1638685E-008, -1.79198E-001
6.1639056E-008, -1.79669E-001
6.1639426E-008, -1.79669E-001
6.1639796E-008, -1.79669E-001
6.1640167E-008, -1.79343E-001
6.1640537E-008, -1.79669E-001
6.1640907E-008, -1.79976E-001
6.1641278E-008, -1.79976E-001
6.1641648E-008, -1.80447E-001
6.1642019E-008, -1.79669E-001
6.1642389E-008, -1.78872E-001
6.1642759E-008, -1.79343E-001
6.1643130E-008, -1.79813E-001
6.1643500E-008, -1.79506E-001
6.1643870E-008, -1.79669E-001
6.1644241E-008, -1.79343E-001
6.1644611E-008, -1.79506E-001
6.1644981E-008, -1.79813E-001
6.1645352E-008, -1.79669E-001
6.1645722E-008, -1.79343E-001
6.1646093E-008, -1.79506E-001
6.1646463E-008, -1.80447E-001
6.1646833E-008, -1.79198E-001
6.1647204E-008, -1.79976E-001
6.1647574E-008, -1.79813E-001
6.1647944E-008, -1.79976E-001
6.1648315E-008, -1.79343E-001
6.1648685E-008, -1.80755E-001
6.1649056E-008, -1.79976E-001
6.1649426E-008, -1.79343E-001
6.1649796E-008, -1.79813E-001
6.1650167E-008, -1.79813E-001
6.1650537E-008, -1.79813E-001
6.1650907E-008, -1.79506E-001
6.1651278E-008, -1.80610E-001
6.1651648E-008, -1.79506E-001
6.1652019E-008, -1.79506E-001
6.1652389E-008, -1.79343E-001
6.1652759E-008, -1.80447E-001
6.1653130E-008, -1.80447E-001
6.1653500E-008, -1.79669E-001
6.1653870E-008, -1.80139E-001
6.1654241E-008, -1.80139E-001
6.1654611E-008, -1.79669E-001
6.1654981E-008, -1.79669E-001
6.1655352E-008, -1.79813E-001
6.1655722E-008, -1.80139E-001
6.1656093E-008, -1.80139E-001
6.1656463E-008, -1.80284E-001
6.1656833E-008, -1.80447E-001
6.1657204E-008, -1.79976E-001
6.1657574E-008, -1.80139E-001
6.1657944E-008, -1.79669E-001
6.1658315E-008, -1.79669E-001
6.1658685E-008, -1.79813E-001
6.1659056E-008, -1.80447E-001
6.1659426E-008, -1.80284E-001
6.1659796E-008, -1.80755E-001
6.1660167E-008, -1.79506E-001
6.1660537E-008, -1.79976E-001
6.1660907E-008, -1.80139E-001
6.1661278E-008, -1.80447E-001
6.1661648E-008, -1.80139E-001
6.1662019E-008, -1.80284E-001
6.1662389E-008, -1.80284E-001
6.1662759E-008, -1.80284E-001
6.1663130E-008, -1.80447E-001
6.1663500E-008, -1.80755E-001
6.1663870E-008, -1.80755E-001
6.1664241E-008, -1.80755E-001
6.1664611E-008, -1.79976E-001
6.1664981E-008, -1.80139E-001
6.1665352E-008, -1.80918E-001
6.1665722E-008, -1.80447E-001
6.1666093E-008, -1.80139E-001
6.1666463E-008, -1.81063E-001
6.1666833E-008, -1.80610E-001
6.1667204E-008, -1.80284E-001
6.1667574E-008, -1.80918E-001
6.1667944E-008, -1.80755E-001
6.1668315E-008, -1.80918E-001
6.1668685E-008, -1.80139E-001
6.1669056E-008, -1.81063E-001
6.1669426E-008, -1.80610E-001
6.1669796E-008, -1.80447E-001
6.1670167E-008, -1.80918E-001
6.1670537E-008, -1.80918E-001
6.1670907E-008, -1.80918E-001
6.1671278E-008, -1.81225E-001
6.1671648E-008, -1.81696E-001
6.1672019E-008, -1.80447E-001
6.1672389E-008, -1.80755E-001
6.1672759E-008, -1.81063E-001
6.1673130E-008, -1.80755E-001
6.1673500E-008, -1.80918E-001
6.1673870E-008, -1.80610E-001
6.1674241E-008, -1.80755E-001
6.1674611E-008, -1.80755E-001
6.1674981E-008, -1.80447E-001
6.1675352E-008, -1.81696E-001
6.1675722E-008, -1.81063E-001
6.1676093E-008, -1.81696E-001
6.1676463E-008, -1.80918E-001
6.1676833E-008, -1.81063E-001
6.1677204E-008, -1.80610E-001
6.1677574E-008, -1.81225E-001
6.1677944E-008, -1.81388E-001
6.1678315E-008, -1.81533E-001
6.1678685E-008, -1.81533E-001
6.1679056E-008, -1.81225E-001
6.1679426E-008, -1.80610E-001
6.1679796E-008, -1.80284E-001
6.1680167E-008, -1.81859E-001
6.1680537E-008, -1.81225E-001
6.1680907E-008, -1.81696E-001
6.1681278E-008, -1.81696E-001
6.1681648E-008, -1.81225E-001
6.1682019E-008, -1.82167E-001
6.1682389E-008, -1.81225E-001
6.1682759E-008, -1.81533E-001
6.1683130E-008, -1.81696E-001
