Type:          average
Points:        1350
Count:         512
XInc:          3.70370E-013
XOrg:          6.1078500000E-008
YData range:   5.74400E-001
YData center:  -9.00000E-002
Coupling:      50 Ohms
XRange:        5.00000E-010
XOffset:       6.1078500000E-008
YRange:        5.70400E-001
YOffset:       -9.00000E-002
Date:          18 NOV 2019
Time:          10:17:00:97
Frame:         86100C:MY45030871
X Units:       second
Y Units:       Volt
XY Data:
6.1078500E-008, -1.986143E-001
6.1078870E-008, -1.986052E-001
6.1079241E-008, -1.986143E-001
6.1079611E-008, -1.986143E-001
6.1079981E-008, -1.986052E-001
6.1080352E-008, -1.986143E-001
6.1080722E-008, -1.986143E-001
6.1081093E-008, -1.986414E-001
6.1081463E-008, -1.986324E-001
6.1081833E-008, -1.986324E-001
6.1082204E-008, -1.986324E-001
6.1082574E-008, -1.986505E-001
6.1082944E-008, -1.986595E-001
6.1083315E-008, -1.986686E-001
6.1083685E-008, -1.986595E-001
6.1084056E-008, -1.986505E-001
6.1084426E-008, -1.986686E-001
6.1084796E-008, -1.986957E-001
6.1085167E-008, -1.987048E-001
6.1085537E-008, -1.986957E-001
6.1085907E-008, -1.986957E-001
6.1086278E-008, -1.987048E-001
6.1086648E-008, -1.987229E-001
6.1087019E-008, -1.987229E-001
6.1087389E-008, -1.987410E-001
6.1087759E-008, -1.987319E-001
6.1088130E-008, -1.987410E-001
6.1088500E-008, -1.987410E-001
6.1088870E-008, -1.987410E-001
6.1089241E-008, -1.987591E-001
6.1089611E-008, -1.987591E-001
6.1089981E-008, -1.987772E-001
6.1090352E-008, -1.987862E-001
6.1090722E-008, -1.987862E-001
6.1091093E-008, -1.988043E-001
6.1091463E-008, -1.988043E-001
6.1091833E-008, -1.987953E-001
6.1092204E-008, -1.988043E-001
6.1092574E-008, -1.988315E-001
6.1092944E-008, -1.988224E-001
6.1093315E-008, -1.988496E-001
6.1093685E-008, -1.988587E-001
6.1094056E-008, -1.988315E-001
6.1094426E-008, -1.988587E-001
6.1094796E-008, -1.988587E-001
6.1095167E-008, -1.988677E-001
6.1095537E-008, -1.988677E-001
6.1095907E-008, -1.988768E-001
6.1096278E-008, -1.988949E-001
6.1096648E-008, -1.988949E-001
6.1097019E-008, -1.988949E-001
6.1097389E-008, -1.988768E-001
6.1097759E-008, -1.989039E-001
6.1098130E-008, -1.989311E-001
6.1098500E-008, -1.989311E-001
6.1098870E-008, -1.989401E-001
6.1099241E-008, -1.989401E-001
6.1099611E-008, -1.989401E-001
6.1099981E-008, -1.989582E-001
6.1100352E-008, -1.989763E-001
6.1100722E-008, -1.989854E-001
6.1101093E-008, -1.990035E-001
6.1101463E-008, -1.989763E-001
6.1101833E-008, -1.989854E-001
6.1102204E-008, -1.989944E-001
6.1102574E-008, -1.990035E-001
6.1102944E-008, -1.990216E-001
6.1103315E-008, -1.990216E-001
6.1103685E-008, -1.990216E-001
6.1104056E-008, -1.990306E-001
6.1104426E-008, -1.990487E-001
6.1104796E-008, -1.990487E-001
6.1105167E-008, -1.990578E-001
6.1105537E-008, -1.990669E-001
6.1105907E-008, -1.990850E-001
6.1106278E-008, -1.990669E-001
6.1106648E-008, -1.990850E-001
6.1107019E-008, -1.990940E-001
6.1107389E-008, -1.990940E-001
6.1107759E-008, -1.991121E-001
6.1108130E-008, -1.991031E-001
6.1108500E-008, -1.991121E-001
6.1108870E-008, -1.991483E-001
6.1109241E-008, -1.991393E-001
6.1109611E-008, -1.991302E-001
6.1109981E-008, -1.991393E-001
6.1110352E-008, -1.991574E-001
6.1110722E-008, -1.991664E-001
6.1111093E-008, -1.991664E-001
6.1111463E-008, -1.991845E-001
6.1111833E-008, -1.991755E-001
6.1112204E-008, -1.991936E-001
6.1112574E-008, -1.991936E-001
6.1112944E-008, -1.992026E-001
6.1113315E-008, -1.992207E-001
6.1113685E-008, -1.992207E-001
6.1114056E-008, -1.992117E-001
6.1114426E-008, -1.992298E-001
6.1114796E-008, -1.992388E-001
6.1115167E-008, -1.992298E-001
6.1115537E-008, -1.992479E-001
6.1115907E-008, -1.992931E-001
6.1116278E-008, -1.992660E-001
6.1116648E-008, -1.992931E-001
6.1117019E-008, -1.992569E-001
6.1117389E-008, -1.992931E-001
6.1117759E-008, -1.993203E-001
6.1118130E-008, -1.993113E-001
6.1118500E-008, -1.993022E-001
6.1118870E-008, -1.993294E-001
6.1119241E-008, -1.993113E-001
6.1119611E-008, -1.993475E-001
6.1119981E-008, -1.993384E-001
6.1120352E-008, -1.993565E-001
6.1120722E-008, -1.993565E-001
6.1121093E-008, -1.993837E-001
6.1121463E-008, -1.993656E-001
6.1121833E-008, -1.994108E-001
6.1122204E-008, -1.993746E-001
6.1122574E-008, -1.994108E-001
6.1122944E-008, -1.993927E-001
6.1123315E-008, -1.994380E-001
6.1123685E-008, -1.994018E-001
6.1124056E-008, -1.994380E-001
6.1124426E-008, -1.994108E-001
6.1124796E-008, -1.994380E-001
6.1125167E-008, -1.994561E-001
6.1125537E-008, -1.994651E-001
6.1125907E-008, -1.994651E-001
6.1126278E-008, -1.994742E-001
6.1126648E-008, -1.994470E-001
6.1127019E-008, -1.994742E-001
6.1127389E-008, -1.994832E-001
6.1127759E-008, -1.994832E-001
6.1128130E-008, -1.994923E-001
6.1128500E-008, -1.995285E-001
6.1128870E-008, -1.995285E-001
6.1129241E-008, -1.995376E-001
6.1129611E-008, -1.995285E-001
6.1129981E-008, -1.995376E-001
6.1130352E-008, -1.995376E-001
6.1130722E-008, -1.995557E-001
6.1131093E-008, -1.995376E-001
6.1131463E-008, -1.995557E-001
6.1131833E-008, -1.995557E-001
6.1132204E-008, -1.995738E-001
6.1132574E-008, -1.996009E-001
6.1132944E-008, -1.995738E-001
6.1133315E-008, -1.996009E-001
6.1133685E-008, -1.996009E-001
6.1134056E-008, -1.996009E-001
6.1134426E-008, -1.996190E-001
6.1134796E-008, -1.996100E-001
6.1135167E-008, -1.996281E-001
6.1135537E-008, -1.996281E-001
6.1135907E-008, -1.996371E-001
6.1136278E-008, -1.996462E-001
6.1136648E-008, -1.996462E-001
6.1137019E-008, -1.996462E-001
6.1137389E-008, -1.996643E-001
6.1137759E-008, -1.996462E-001
6.1138130E-008, -1.996914E-001
6.1138500E-008, -1.996914E-001
6.1138870E-008, -1.996733E-001
6.1139241E-008, -1.997095E-001
6.1139611E-008, -1.997095E-001
6.1139981E-008, -1.997186E-001
6.1140352E-008, -1.997095E-001
6.1140722E-008, -1.997095E-001
6.1141093E-008, -1.997276E-001
6.1141463E-008, -1.997186E-001
6.1141833E-008, -1.997367E-001
6.1142204E-008, -1.997457E-001
6.1142574E-008, -1.997820E-001
6.1142944E-008, -1.997548E-001
6.1143315E-008, -1.997639E-001
6.1143685E-008, -1.997729E-001
6.1144056E-008, -1.997910E-001
6.1144426E-008, -1.997820E-001
6.1144796E-008, -1.997820E-001
6.1145167E-008, -1.997910E-001
6.1145537E-008, -1.997910E-001
6.1145907E-008, -1.998001E-001
6.1146278E-008, -1.998272E-001
6.1146648E-008, -1.998182E-001
6.1147019E-008, -1.998363E-001
6.1147389E-008, -1.998182E-001
6.1147759E-008, -1.998453E-001
6.1148130E-008, -1.998544E-001
6.1148500E-008, -1.998363E-001
6.1148870E-008, -1.998544E-001
6.1149241E-008, -1.998544E-001
6.1149611E-008, -1.998815E-001
6.1149981E-008, -1.998725E-001
6.1150352E-008, -1.998634E-001
6.1150722E-008, -1.998815E-001
6.1151093E-008, -1.998906E-001
6.1151463E-008, -1.999087E-001
6.1151833E-008, -1.998815E-001
6.1152204E-008, -1.998906E-001
6.1152574E-008, -1.999087E-001
6.1152944E-008, -1.998996E-001
6.1153315E-008, -1.999087E-001
6.1153685E-008, -1.999177E-001
6.1154056E-008, -1.999268E-001
6.1154426E-008, -1.999268E-001
6.1154796E-008, -1.999358E-001
6.1155167E-008, -1.999449E-001
6.1155537E-008, -1.999449E-001
6.1155907E-008, -1.999268E-001
6.1156278E-008, -1.999539E-001
6.1156648E-008, -1.999630E-001
6.1157019E-008, -1.999539E-001
6.1157389E-008, -1.999630E-001
6.1157759E-008, -1.999720E-001
6.1158130E-008, -1.999539E-001
6.1158500E-008, -1.999901E-001
6.1158870E-008, -1.999811E-001
6.1159241E-008, -1.999901E-001
6.1159611E-008, -1.999901E-001
6.1159981E-008, -2.000083E-001
6.1160352E-008, -2.000083E-001
6.1160722E-008, -1.999992E-001
6.1161093E-008, -2.000264E-001
6.1161463E-008, -2.000083E-001
6.1161833E-008, -2.000173E-001
6.1162204E-008, -2.000173E-001
6.1162574E-008, -2.000173E-001
6.1162944E-008, -2.000083E-001
6.1163315E-008, -2.000354E-001
6.1163685E-008, -2.000535E-001
6.1164056E-008, -2.000354E-001
6.1164426E-008, -2.000354E-001
6.1164796E-008, -2.000445E-001
6.1165167E-008, -2.000354E-001
6.1165537E-008, -2.000354E-001
6.1165907E-008, -2.000445E-001
6.1166278E-008, -2.000535E-001
6.1166648E-008, -2.000626E-001
6.1167019E-008, -2.000445E-001
6.1167389E-008, -2.000445E-001
6.1167759E-008, -2.000445E-001
6.1168130E-008, -2.000716E-001
6.1168500E-008, -2.000626E-001
6.1168870E-008, -2.000716E-001
6.1169241E-008, -2.000445E-001
6.1169611E-008, -2.000716E-001
6.1169981E-008, -2.000807E-001
6.1170352E-008, -2.000716E-001
6.1170722E-008, -2.000807E-001
6.1171093E-008, -2.000716E-001
6.1171463E-008, -2.000897E-001
6.1171833E-008, -2.000626E-001
6.1172204E-008, -2.000807E-001
6.1172574E-008, -2.000716E-001
6.1172944E-008, -2.000988E-001
6.1173315E-008, -2.000807E-001
6.1173685E-008, -2.001078E-001
6.1174056E-008, -2.000897E-001
6.1174426E-008, -2.000988E-001
6.1174796E-008, -2.000897E-001
6.1175167E-008, -2.000897E-001
6.1175537E-008, -2.001078E-001
6.1175907E-008, -2.000988E-001
6.1176278E-008, -2.001169E-001
6.1176648E-008, -2.001078E-001
6.1177019E-008, -2.001078E-001
6.1177389E-008, -2.001078E-001
6.1177759E-008, -2.000897E-001
6.1178130E-008, -2.000897E-001
6.1178500E-008, -2.001169E-001
6.1178870E-008, -2.001259E-001
6.1179241E-008, -2.000897E-001
6.1179611E-008, -2.001169E-001
6.1179981E-008, -2.000988E-001
6.1180352E-008, -2.000988E-001
6.1180722E-008, -2.001078E-001
6.1181093E-008, -2.000988E-001
6.1181463E-008, -2.000988E-001
6.1181833E-008, -2.001078E-001
6.1182204E-008, -2.000988E-001
6.1182574E-008, -2.000988E-001
6.1182944E-008, -2.000807E-001
6.1183315E-008, -2.000897E-001
6.1183685E-008, -2.000807E-001
6.1184056E-008, -2.000988E-001
6.1184426E-008, -2.000897E-001
6.1184796E-008, -2.000988E-001
6.1185167E-008, -2.000716E-001
6.1185537E-008, -2.000897E-001
6.1185907E-008, -2.000897E-001
6.1186278E-008, -2.000807E-001
6.1186648E-008, -2.000626E-001
6.1187019E-008, -2.000807E-001
6.1187389E-008, -2.000807E-001
6.1187759E-008, -2.000716E-001
6.1188130E-008, -2.000807E-001
6.1188500E-008, -2.000626E-001
6.1188870E-008, -2.000716E-001
6.1189241E-008, -2.000445E-001
6.1189611E-008, -2.000535E-001
6.1189981E-008, -2.000626E-001
6.1190352E-008, -2.000626E-001
6.1190722E-008, -2.000716E-001
6.1191093E-008, -2.000445E-001
6.1191463E-008, -2.000445E-001
6.1191833E-008, -2.000173E-001
6.1192204E-008, -2.000354E-001
6.1192574E-008, -2.000354E-001
6.1192944E-008, -2.000354E-001
6.1193315E-008, -2.000173E-001
6.1193685E-008, -2.000083E-001
6.1194056E-008, -1.999992E-001
6.1194426E-008, -1.999992E-001
6.1194796E-008, -1.999992E-001
6.1195167E-008, -1.999992E-001
6.1195537E-008, -1.999901E-001
6.1195907E-008, -1.999720E-001
6.1196278E-008, -1.999901E-001
6.1196648E-008, -1.999720E-001
6.1197019E-008, -1.999449E-001
6.1197389E-008, -1.999630E-001
6.1197759E-008, -1.999539E-001
6.1198130E-008, -1.999449E-001
6.1198500E-008, -1.999268E-001
6.1198870E-008, -1.999087E-001
6.1199241E-008, -1.999177E-001
6.1199611E-008, -1.999087E-001
6.1199981E-008, -1.999177E-001
6.1200352E-008, -1.998906E-001
6.1200722E-008, -1.998725E-001
6.1201093E-008, -1.998725E-001
6.1201463E-008, -1.998453E-001
6.1201833E-008, -1.998544E-001
6.1202204E-008, -1.998453E-001
6.1202574E-008, -1.998272E-001
6.1202944E-008, -1.998091E-001
6.1203315E-008, -1.998182E-001
6.1203685E-008, -1.997910E-001
6.1204056E-008, -1.997729E-001
6.1204426E-008, -1.997548E-001
6.1204796E-008, -1.997639E-001
6.1205167E-008, -1.997729E-001
6.1205537E-008, -1.997548E-001
6.1205907E-008, -1.997095E-001
6.1206278E-008, -1.997276E-001
6.1206648E-008, -1.997005E-001
6.1207019E-008, -1.996914E-001
6.1207389E-008, -1.996733E-001
6.1207759E-008, -1.996733E-001
6.1208130E-008, -1.996371E-001
6.1208500E-008, -1.996371E-001
6.1208870E-008, -1.995919E-001
6.1209241E-008, -1.995828E-001
6.1209611E-008, -1.995738E-001
6.1209981E-008, -1.995738E-001
6.1210352E-008, -1.995466E-001
6.1210722E-008, -1.995285E-001
6.1211093E-008, -1.995104E-001
6.1211463E-008, -1.994742E-001
6.1211833E-008, -1.994742E-001
6.1212204E-008, -1.994380E-001
6.1212574E-008, -1.994199E-001
6.1212944E-008, -1.994018E-001
6.1213315E-008, -1.993837E-001
6.1213685E-008, -1.993656E-001
6.1214056E-008, -1.993384E-001
6.1214426E-008, -1.993022E-001
6.1214796E-008, -1.992569E-001
6.1215167E-008, -1.992569E-001
6.1215537E-008, -1.992207E-001
6.1215907E-008, -1.991845E-001
6.1216278E-008, -1.991936E-001
6.1216648E-008, -1.991483E-001
6.1217019E-008, -1.991302E-001
6.1217389E-008, -1.991121E-001
6.1217759E-008, -1.990578E-001
6.1218130E-008, -1.990306E-001
6.1218500E-008, -1.989944E-001
6.1218870E-008, -1.989763E-001
6.1219241E-008, -1.989220E-001
6.1219611E-008, -1.988949E-001
6.1219981E-008, -1.988496E-001
6.1220352E-008, -1.988406E-001
6.1220722E-008, -1.987953E-001
6.1221093E-008, -1.987500E-001
6.1221463E-008, -1.987048E-001
6.1221833E-008, -1.986595E-001
6.1222204E-008, -1.986324E-001
6.1222574E-008, -1.985690E-001
6.1222944E-008, -1.985509E-001
6.1223315E-008, -1.984604E-001
6.1223685E-008, -1.984694E-001
6.1224056E-008, -1.983970E-001
6.1224426E-008, -1.983336E-001
6.1224796E-008, -1.982884E-001
6.1225167E-008, -1.982431E-001
6.1225537E-008, -1.982160E-001
6.1225907E-008, -1.981254E-001
6.1226278E-008, -1.980802E-001
6.1226648E-008, -1.980259E-001
6.1227019E-008, -1.979444E-001
6.1227389E-008, -1.979082E-001
6.1227759E-008, -1.978448E-001
6.1228130E-008, -1.977543E-001
6.1228500E-008, -1.977181E-001
6.1228870E-008, -1.976095E-001
6.1229241E-008, -1.975280E-001
6.1229611E-008, -1.975009E-001
6.1229981E-008, -1.973651E-001
6.1230352E-008, -1.972474E-001
6.1230722E-008, -1.972746E-001
6.1231093E-008, -1.971750E-001
6.1231463E-008, -1.970302E-001
6.1231833E-008, -1.969396E-001
6.1232204E-008, -1.968763E-001
6.1232574E-008, -1.967586E-001
6.1232944E-008, -1.967224E-001
6.1233315E-008, -1.966500E-001
6.1233685E-008, -1.965595E-001
6.1234056E-008, -1.963875E-001
6.1234426E-008, -1.963151E-001
6.1234796E-008, -1.962155E-001
6.1235167E-008, -1.960978E-001
6.1235537E-008, -1.959892E-001
6.1235907E-008, -1.958444E-001
6.1236278E-008, -1.957538E-001
6.1236648E-008, -1.956000E-001
6.1237019E-008, -1.955275E-001
6.1237389E-008, -1.954008E-001
6.1237759E-008, -1.952288E-001
6.1238130E-008, -1.951474E-001
6.1238500E-008, -1.950568E-001
6.1238870E-008, -1.949301E-001
6.1239241E-008, -1.946676E-001
6.1239611E-008, -1.945861E-001
6.1239981E-008, -1.944413E-001
6.1240352E-008, -1.942422E-001
6.1240722E-008, -1.940521E-001
6.1241093E-008, -1.939163E-001
6.1241463E-008, -1.938258E-001
6.1241833E-008, -1.935723E-001
6.1242204E-008, -1.933460E-001
6.1242574E-008, -1.932646E-001
6.1242944E-008, -1.930745E-001
6.1243315E-008, -1.928934E-001
6.1243685E-008, -1.926128E-001
6.1244056E-008, -1.924408E-001
6.1244426E-008, -1.923503E-001
6.1244796E-008, -1.921331E-001
6.1245167E-008, -1.919249E-001
6.1245537E-008, -1.916714E-001
6.1245907E-008, -1.915809E-001
6.1246278E-008, -1.913455E-001
6.1246648E-008, -1.911011E-001
6.1247019E-008, -1.909201E-001
6.1247389E-008, -1.906123E-001
6.1247759E-008, -1.903136E-001
6.1248130E-008, -1.901507E-001
6.1248500E-008, -1.899606E-001
6.1248870E-008, -1.897252E-001
6.1249241E-008, -1.894446E-001
6.1249611E-008, -1.892093E-001
6.1249981E-008, -1.890192E-001
6.1250352E-008, -1.887748E-001
6.1250722E-008, -1.882588E-001
6.1251093E-008, -1.882317E-001
6.1251463E-008, -1.879149E-001
6.1251833E-008, -1.876071E-001
6.1252204E-008, -1.872360E-001
6.1252574E-008, -1.869101E-001
6.1252944E-008, -1.868105E-001
6.1253315E-008, -1.863670E-001
6.1253685E-008, -1.860502E-001
6.1254056E-008, -1.858601E-001
6.1254426E-008, -1.855523E-001
6.1254796E-008, -1.849639E-001
6.1255167E-008, -1.846109E-001
6.1255537E-008, -1.843484E-001
6.1255907E-008, -1.842126E-001
6.1256278E-008, -1.838143E-001
6.1256648E-008, -1.835247E-001
6.1257019E-008, -1.830178E-001
6.1257389E-008, -1.825833E-001
6.1257759E-008, -1.821759E-001
6.1258130E-008, -1.819949E-001
6.1258500E-008, -1.816600E-001
6.1258870E-008, -1.811802E-001
6.1259241E-008, -1.808091E-001
6.1259611E-008, -1.802479E-001
6.1259981E-008, -1.801573E-001
6.1260352E-008, -1.795780E-001
6.1260722E-008, -1.794694E-001
6.1261093E-008, -1.787362E-001
6.1261463E-008, -1.787090E-001
6.1261833E-008, -1.778672E-001
6.1262204E-008, -1.775413E-001
6.1262574E-008, -1.772788E-001
6.1262944E-008, -1.767086E-001
6.1263315E-008, -1.760840E-001
6.1263685E-008, -1.757943E-001
6.1264056E-008, -1.753689E-001
6.1264426E-008, -1.747262E-001
6.1264796E-008, -1.744999E-001
6.1265167E-008, -1.737938E-001
6.1265537E-008, -1.733593E-001
6.1265907E-008, -1.727257E-001
6.1266278E-008, -1.723817E-001
6.1266648E-008, -1.718929E-001
6.1267019E-008, -1.717662E-001
6.1267389E-008, -1.711326E-001
6.1267759E-008, -1.708519E-001
6.1268130E-008, -1.699558E-001
6.1268500E-008, -1.696480E-001
6.1268870E-008, -1.688786E-001
6.1269241E-008, -1.685709E-001
6.1269611E-008, -1.680458E-001
6.1269981E-008, -1.671588E-001
6.1270352E-008, -1.667786E-001
6.1270722E-008, -1.666881E-001
6.1271093E-008, -1.658553E-001
6.1271463E-008, -1.653936E-001
6.1271833E-008, -1.644703E-001
6.1272204E-008, -1.642893E-001
6.1272574E-008, -1.634565E-001
6.1272944E-008, -1.631125E-001
6.1273315E-008, -1.622526E-001
6.1273685E-008, -1.620354E-001
6.1274056E-008, -1.610125E-001
6.1274426E-008, -1.604603E-001
6.1274796E-008, -1.598448E-001
6.1275167E-008, -1.593922E-001
6.1275537E-008, -1.587042E-001
6.1275907E-008, -1.584146E-001
6.1276278E-008, -1.577628E-001
6.1276648E-008, -1.569753E-001
6.1277019E-008, -1.561154E-001
6.1277389E-008, -1.555813E-001
6.1277759E-008, -1.553550E-001
6.1278130E-008, -1.547214E-001
6.1278500E-008, -1.537709E-001
6.1278870E-008, -1.529291E-001
6.1279241E-008, -1.524403E-001
6.1279611E-008, -1.520149E-001
6.1279981E-008, -1.512364E-001
6.1280352E-008, -1.505484E-001
6.1280722E-008, -1.497881E-001
6.1281093E-008, -1.488738E-001
6.1281463E-008, -1.486747E-001
6.1281833E-008, -1.482855E-001
6.1282204E-008, -1.476971E-001
6.1282574E-008, -1.461583E-001
6.1282944E-008, -1.459501E-001
6.1283315E-008, -1.454613E-001
6.1283685E-008, -1.445380E-001
6.1284056E-008, -1.440220E-001
6.1284426E-008, -1.426914E-001
6.1284796E-008, -1.421301E-001
6.1285167E-008, -1.415508E-001
6.1285537E-008, -1.408357E-001
6.1285907E-008, -1.402292E-001
6.1286278E-008, -1.396861E-001
6.1286648E-008, -1.388895E-001
6.1287019E-008, -1.378305E-001
6.1287389E-008, -1.374322E-001
6.1287759E-008, -1.365451E-001
6.1288130E-008, -1.358028E-001
6.1288500E-008, -1.352416E-001
6.1288870E-008, -1.344088E-001
6.1289241E-008, -1.337118E-001
6.1289611E-008, -1.330420E-001
6.1289981E-008, -1.319739E-001
6.1290352E-008, -1.314036E-001
6.1290722E-008, -1.303807E-001
6.1291093E-008, -1.295479E-001
6.1291463E-008, -1.287242E-001
6.1291833E-008, -1.286065E-001
6.1292204E-008, -1.277647E-001
6.1292574E-008, -1.269500E-001
6.1292944E-008, -1.262259E-001
6.1293315E-008, -1.253478E-001
6.1293685E-008, -1.248681E-001
6.1294056E-008, -1.237456E-001
6.1294426E-008, -1.229491E-001
6.1294796E-008, -1.223698E-001
6.1295167E-008, -1.214283E-001
6.1295537E-008, -1.207676E-001
6.1295907E-008, -1.201611E-001
6.1296278E-008, -1.189481E-001
6.1296648E-008, -1.185317E-001
6.1297019E-008, -1.177261E-001
6.1297389E-008, -1.170201E-001
6.1297759E-008, -1.157528E-001
6.1298130E-008, -1.151463E-001
6.1298500E-008, -1.144946E-001
6.1298870E-008, -1.135441E-001
6.1299241E-008, -1.126842E-001
6.1299611E-008, -1.122768E-001
6.1299981E-008, -1.111091E-001
6.1300352E-008, -1.101134E-001
6.1300722E-008, -1.096156E-001
6.1301093E-008, -1.090996E-001
6.1301463E-008, -1.082035E-001
6.1301833E-008, -1.072621E-001
6.1302204E-008, -1.063388E-001
6.1302574E-008, -1.062573E-001
6.1302944E-008, -1.049538E-001
6.1303315E-008, -1.037228E-001
6.1303685E-008, -1.034693E-001
6.1304056E-008, -1.024012E-001
6.1304426E-008, -1.020391E-001
6.1304796E-008, -1.010615E-001
6.1305167E-008, -1.000024E-001
6.1305537E-008, -9.94321E-002
6.1305907E-008, -9.88347E-002
6.1306278E-008, -9.81830E-002
6.1306648E-008, -9.68342E-002
6.1307019E-008, -9.63997E-002
6.1307389E-008, -9.56303E-002
6.1307759E-008, -9.47975E-002
6.1308130E-008, -9.38380E-002
6.1308500E-008, -9.30596E-002
6.1308870E-008, -9.24983E-002
6.1309241E-008, -9.15841E-002
6.1309611E-008, -9.06336E-002
6.1309981E-008, -9.02987E-002
6.1310352E-008, -8.89952E-002
6.1310722E-008, -8.77099E-002
6.1311093E-008, -8.71849E-002
6.1311463E-008, -8.69767E-002
6.1311833E-008, -8.60353E-002
6.1312204E-008, -8.50395E-002
6.1312574E-008, -8.45688E-002
6.1312944E-008, -8.35731E-002
6.1313315E-008, -8.29848E-002
6.1313685E-008, -8.18352E-002
6.1314056E-008, -8.18171E-002
6.1314426E-008, -8.06856E-002
6.1314796E-008, -7.96717E-002
6.1315167E-008, -7.93097E-002
6.1315537E-008, -7.82958E-002
6.1315907E-008, -7.72277E-002
6.1316278E-008, -7.71191E-002
6.1316648E-008, -7.62320E-002
6.1317019E-008, -7.51005E-002
6.1317389E-008, -7.43401E-002
6.1317759E-008, -7.37789E-002
6.1318130E-008, -7.28013E-002
6.1318500E-008, -7.23487E-002
6.1318870E-008, -7.15884E-002
6.1319241E-008, -7.05564E-002
6.1319611E-008, -6.97146E-002
6.1319981E-008, -6.91353E-002
6.1320352E-008, -6.84926E-002
6.1320722E-008, -6.73883E-002
6.1321093E-008, -6.65012E-002
6.1321463E-008, -6.59581E-002
6.1321833E-008, -6.54964E-002
6.1322204E-008, -6.43830E-002
6.1322574E-008, -6.38852E-002
6.1322944E-008, -6.34416E-002
6.1323315E-008, -6.23825E-002
6.1323685E-008, -6.17942E-002
6.1324056E-008, -6.10428E-002
6.1324426E-008, -6.02825E-002
6.1324796E-008, -6.01105E-002
6.1325167E-008, -5.91963E-002
6.1325537E-008, -5.79199E-002
6.1325907E-008, -5.76665E-002
6.1326278E-008, -5.63901E-002
6.1326648E-008, -5.61820E-002
6.1327019E-008, -5.55393E-002
6.1327389E-008, -5.49147E-002
6.1327759E-008, -5.41543E-002
6.1328130E-008, -5.35569E-002
6.1328500E-008, -5.25340E-002
6.1328870E-008, -5.22715E-002
6.1329241E-008, -5.14297E-002
6.1329611E-008, -5.06422E-002
6.1329981E-008, -5.03163E-002
6.1330352E-008, -4.94835E-002
6.1330722E-008, -4.86417E-002
6.1331093E-008, -4.80352E-002
6.1331463E-008, -4.73563E-002
6.1331833E-008, -4.71481E-002
6.1332204E-008, -4.63334E-002
6.1332574E-008, -4.56908E-002
6.1332944E-008, -4.50843E-002
6.1333315E-008, -4.41248E-002
6.1333685E-008, -4.37627E-002
6.1334056E-008, -4.26855E-002
6.1334426E-008, -4.28032E-002
6.1334796E-008, -4.17079E-002
6.1335167E-008, -4.14092E-002
6.1335537E-008, -4.08932E-002
6.1335907E-008, -4.03954E-002
6.1336278E-008, -3.94178E-002
6.1336648E-008, -3.91190E-002
6.1337019E-008, -3.86755E-002
6.1337389E-008, -3.80871E-002
6.1337759E-008, -3.73811E-002
6.1338130E-008, -3.68289E-002
6.1338500E-008, -3.64578E-002
6.1338870E-008, -3.58966E-002
6.1339241E-008, -3.50728E-002
6.1339611E-008, -3.45569E-002
6.1339981E-008, -3.42310E-002
6.1340352E-008, -3.39594E-002
6.1340722E-008, -3.33439E-002
6.1341093E-008, -3.26831E-002
6.1341463E-008, -3.21309E-002
6.1341833E-008, -3.16059E-002
6.1342204E-008, -3.09723E-002
6.1342574E-008, -3.10719E-002
6.1342944E-008, -3.03206E-002
6.1343315E-008, -2.97231E-002
6.1343685E-008, -2.91348E-002
6.1344056E-008, -2.91257E-002
6.1344426E-008, -2.84740E-002
6.1344796E-008, -2.79399E-002
6.1345167E-008, -2.72610E-002
6.1345537E-008, -2.66364E-002
6.1345907E-008, -2.64282E-002
6.1346278E-008, -2.60752E-002
6.1346648E-008, -2.56860E-002
6.1347019E-008, -2.50885E-002
6.1347389E-008, -2.47536E-002
6.1347759E-008, -2.44187E-002
6.1348130E-008, -2.38846E-002
6.1348500E-008, -2.35407E-002
6.1348870E-008, -2.30066E-002
6.1349241E-008, -2.26536E-002
6.1349611E-008, -2.22372E-002
6.1349981E-008, -2.18841E-002
6.1350352E-008, -2.14497E-002
6.1350722E-008, -2.12415E-002
6.1351093E-008, -2.06621E-002
6.1351463E-008, -2.04720E-002
6.1351833E-008, -2.01281E-002
6.1352204E-008, -1.96483E-002
6.1352574E-008, -1.93315E-002
6.1352944E-008, -1.89332E-002
6.1353315E-008, -1.87160E-002
6.1353685E-008, -1.82634E-002
6.1354056E-008, -1.80190E-002
6.1354426E-008, -1.76116E-002
6.1354796E-008, -1.74306E-002
6.1355167E-008, -1.71047E-002
6.1355537E-008, -1.67336E-002
6.1355907E-008, -1.64892E-002
6.1356278E-008, -1.62086E-002
6.1356648E-008, -1.57831E-002
6.1357019E-008, -1.56836E-002
6.1357389E-008, -1.53577E-002
6.1357759E-008, -1.49594E-002
6.1358130E-008, -1.47241E-002
6.1358500E-008, -1.46064E-002
6.1358870E-008, -1.42262E-002
6.1359241E-008, -1.40723E-002
6.1359611E-008, -1.36378E-002
6.1359981E-008, -1.35383E-002
6.1360352E-008, -1.31852E-002
6.1360722E-008, -1.28775E-002
6.1361093E-008, -1.27236E-002
6.1361463E-008, -1.26150E-002
6.1361833E-008, -1.22076E-002
6.1362204E-008, -1.22619E-002
6.1362574E-008, -1.18818E-002
6.1362944E-008, -1.17007E-002
6.1363315E-008, -1.14654E-002
6.1363685E-008, -1.13567E-002
6.1364056E-008, -1.10309E-002
6.1364426E-008, -1.08498E-002
6.1364796E-008, -1.07865E-002
6.1365167E-008, -1.06326E-002
6.1365537E-008, -1.02886E-002
6.1365907E-008, -1.02705E-002
6.1366278E-008, -1.00533E-002
6.1366648E-008, -9.9265E-003
6.1367019E-008, -9.7002E-003
6.1367389E-008, -9.5464E-003
6.1367759E-008, -9.3382E-003
6.1368130E-008, -9.2657E-003
6.1368500E-008, -9.2205E-003
6.1368870E-008, -9.0756E-003
6.1369241E-008, -8.9127E-003
6.1369611E-008, -8.7769E-003
6.1369981E-008, -8.6412E-003
6.1370352E-008, -8.5416E-003
6.1370722E-008, -8.4058E-003
6.1371093E-008, -8.3153E-003
6.1371463E-008, -8.1886E-003
6.1371833E-008, -8.0799E-003
6.1372204E-008, -7.9804E-003
6.1372574E-008, -7.8989E-003
6.1372944E-008, -7.7993E-003
6.1373315E-008, -7.7631E-003
6.1373685E-008, -7.6998E-003
6.1374056E-008, -7.6183E-003
6.1374426E-008, -7.5549E-003
6.1374796E-008, -7.4916E-003
6.1375167E-008, -7.4191E-003
6.1375537E-008, -7.3377E-003
6.1375907E-008, -7.2834E-003
6.1376278E-008, -7.2381E-003
6.1376648E-008, -7.2019E-003
6.1377019E-008, -7.1295E-003
6.1377389E-008, -7.0842E-003
6.1377759E-008, -7.0390E-003
6.1378130E-008, -6.9847E-003
6.1378500E-008, -6.9847E-003
6.1378870E-008, -6.9394E-003
6.1379241E-008, -6.9122E-003
6.1379611E-008, -6.8941E-003
6.1379981E-008, -6.8579E-003
6.1380352E-008, -6.8579E-003
6.1380722E-008, -6.8217E-003
6.1381093E-008, -6.8308E-003
6.1381463E-008, -6.8217E-003
6.1381833E-008, -6.8217E-003
6.1382204E-008, -6.8127E-003
6.1382574E-008, -6.8217E-003
6.1382944E-008, -6.8127E-003
6.1383315E-008, -6.8217E-003
6.1383685E-008, -6.8127E-003
6.1384056E-008, -6.8398E-003
6.1384426E-008, -6.8760E-003
6.1384796E-008, -6.8851E-003
6.1385167E-008, -6.8760E-003
6.1385537E-008, -6.9122E-003
6.1385907E-008, -6.9484E-003
6.1386278E-008, -6.9575E-003
6.1386648E-008, -6.9847E-003
6.1387019E-008, -7.0209E-003
6.1387389E-008, -7.0480E-003
6.1387759E-008, -7.1114E-003
6.1388130E-008, -7.1295E-003
6.1388500E-008, -7.1566E-003
6.1388870E-008, -7.2109E-003
6.1389241E-008, -7.2472E-003
6.1389611E-008, -7.2924E-003
6.1389981E-008, -7.3467E-003
6.1390352E-008, -7.3829E-003
6.1390722E-008, -7.4191E-003
6.1391093E-008, -7.5097E-003
6.1391463E-008, -7.5730E-003
6.1391833E-008, -7.5911E-003
6.1392204E-008, -7.6635E-003
6.1392574E-008, -7.7088E-003
6.1392944E-008, -7.7812E-003
6.1393315E-008, -7.8084E-003
6.1393685E-008, -7.9079E-003
6.1394056E-008, -7.9442E-003
6.1394426E-008, -8.0075E-003
6.1394796E-008, -8.0799E-003
6.1395167E-008, -8.1433E-003
6.1395537E-008, -8.2338E-003
6.1395907E-008, -8.2972E-003
6.1396278E-008, -8.3968E-003
6.1396648E-008, -8.4239E-003
6.1397019E-008, -8.5416E-003
6.1397389E-008, -8.6049E-003
6.1397759E-008, -8.6321E-003
6.1398130E-008, -8.7498E-003
6.1398500E-008, -8.8312E-003
6.1398870E-008, -8.9399E-003
6.1399241E-008, -8.9851E-003
6.1399611E-008, -9.0756E-003
6.1399981E-008, -9.1843E-003
6.1400352E-008, -9.2114E-003
6.1400722E-008, -9.3291E-003
6.1401093E-008, -9.3925E-003
6.1401463E-008, -9.4196E-003
6.1401833E-008, -9.5464E-003
6.1402204E-008, -9.6097E-003
6.1402574E-008, -9.7093E-003
6.1402944E-008, -9.8179E-003
6.1403315E-008, -9.8360E-003
6.1403685E-008, -9.9718E-003
6.1404056E-008, -1.00261E-002
6.1404426E-008, -1.01619E-002
6.1404796E-008, -1.01981E-002
6.1405167E-008, -1.03248E-002
6.1405537E-008, -1.03701E-002
6.1405907E-008, -1.04696E-002
6.1406278E-008, -1.05240E-002
6.1406648E-008, -1.06688E-002
6.1407019E-008, -1.06778E-002
6.1407389E-008, -1.08227E-002
6.1407759E-008, -1.08860E-002
6.1408130E-008, -1.09403E-002
6.1408500E-008, -1.10580E-002
6.1408870E-008, -1.11938E-002
6.1409241E-008, -1.12119E-002
6.1409611E-008, -1.13477E-002
6.1409981E-008, -1.14382E-002
6.1410352E-008, -1.15287E-002
6.1410722E-008, -1.16102E-002
6.1411093E-008, -1.16826E-002
6.1411463E-008, -1.18184E-002
6.1411833E-008, -1.18546E-002
6.1412204E-008, -1.19813E-002
6.1412574E-008, -1.20356E-002
6.1412944E-008, -1.21171E-002
6.1413315E-008, -1.22438E-002
6.1413685E-008, -1.22710E-002
6.1414056E-008, -1.23977E-002
6.1414426E-008, -1.24520E-002
6.1414796E-008, -1.25425E-002
6.1415167E-008, -1.26240E-002
6.1415537E-008, -1.26602E-002
6.1415907E-008, -1.27688E-002
6.1416278E-008, -1.28322E-002
6.1416648E-008, -1.29408E-002
6.1417019E-008, -1.29589E-002
6.1417389E-008, -1.30766E-002
6.1417759E-008, -1.31490E-002
6.1418130E-008, -1.32214E-002
6.1418500E-008, -1.32576E-002
6.1418870E-008, -1.33391E-002
6.1419241E-008, -1.34477E-002
6.1419611E-008, -1.35292E-002
6.1419981E-008, -1.35745E-002
6.1420352E-008, -1.37012E-002
6.1420722E-008, -1.37555E-002
6.1421093E-008, -1.38279E-002
6.1421463E-008, -1.38822E-002
6.1421833E-008, -1.39546E-002
6.1422204E-008, -1.40361E-002
6.1422574E-008, -1.41176E-002
6.1422944E-008, -1.41900E-002
6.1423315E-008, -1.42805E-002
6.1423685E-008, -1.43258E-002
6.1424056E-008, -1.44163E-002
6.1424426E-008, -1.44616E-002
6.1424796E-008, -1.45430E-002
6.1425167E-008, -1.45973E-002
6.1425537E-008, -1.46516E-002
6.1425907E-008, -1.47060E-002
6.1426278E-008, -1.48146E-002
6.1426648E-008, -1.48508E-002
6.1427019E-008, -1.48960E-002
6.1427389E-008, -1.49594E-002
6.1427759E-008, -1.50318E-002
6.1428130E-008, -1.50861E-002
6.1428500E-008, -1.51767E-002
6.1428870E-008, -1.52129E-002
6.1429241E-008, -1.52762E-002
6.1429611E-008, -1.53305E-002
6.1429981E-008, -1.53486E-002
6.1430352E-008, -1.54573E-002
6.1430722E-008, -1.54844E-002
6.1431093E-008, -1.55206E-002
6.1431463E-008, -1.56021E-002
6.1431833E-008, -1.56564E-002
6.1432204E-008, -1.57017E-002
6.1432574E-008, -1.57741E-002
6.1432944E-008, -1.57922E-002
6.1433315E-008, -1.58284E-002
6.1433685E-008, -1.59099E-002
6.1434056E-008, -1.59642E-002
6.1434426E-008, -1.60185E-002
6.1434796E-008, -1.60728E-002
6.1435167E-008, -1.61090E-002
6.1435537E-008, -1.61271E-002
6.1435907E-008, -1.61905E-002
6.1436278E-008, -1.61995E-002
6.1436648E-008, -1.62991E-002
6.1437019E-008, -1.63172E-002
6.1437389E-008, -1.63715E-002
6.1437759E-008, -1.64077E-002
6.1438130E-008, -1.64711E-002
6.1438500E-008, -1.64801E-002
6.1438870E-008, -1.65526E-002
6.1439241E-008, -1.65616E-002
6.1439611E-008, -1.66069E-002
6.1439981E-008, -1.66431E-002
6.1440352E-008, -1.66974E-002
6.1440722E-008, -1.67517E-002
6.1441093E-008, -1.67698E-002
6.1441463E-008, -1.68060E-002
6.1441833E-008, -1.68422E-002
6.1442204E-008, -1.68603E-002
6.1442574E-008, -1.69327E-002
6.1442944E-008, -1.69418E-002
6.1443315E-008, -1.69689E-002
6.1443685E-008, -1.70052E-002
6.1444056E-008, -1.70142E-002
6.1444426E-008, -1.70776E-002
6.1444796E-008, -1.70776E-002
6.1445167E-008, -1.71047E-002
6.1445537E-008, -1.71500E-002
6.1445907E-008, -1.71771E-002
6.1446278E-008, -1.71952E-002
6.1446648E-008, -1.72133E-002
6.1447019E-008, -1.72405E-002
6.1447389E-008, -1.72677E-002
6.1447759E-008, -1.73039E-002
6.1448130E-008, -1.73129E-002
6.1448500E-008, -1.73491E-002
6.1448870E-008, -1.73582E-002
6.1449241E-008, -1.73944E-002
6.1449611E-008, -1.73853E-002
6.1449981E-008, -1.74125E-002
6.1450352E-008, -1.74487E-002
6.1450722E-008, -1.74668E-002
6.1451093E-008, -1.74759E-002
6.1451463E-008, -1.74849E-002
6.1451833E-008, -1.75030E-002
6.1452204E-008, -1.75121E-002
6.1452574E-008, -1.75211E-002
6.1452944E-008, -1.75392E-002
6.1453315E-008, -1.75664E-002
6.1453685E-008, -1.75845E-002
6.1454056E-008, -1.75935E-002
6.1454426E-008, -1.76026E-002
6.1454796E-008, -1.76026E-002
6.1455167E-008, -1.76207E-002
6.1455537E-008, -1.76297E-002
6.1455907E-008, -1.76388E-002
6.1456278E-008, -1.76569E-002
6.1456648E-008, -1.76659E-002
6.1457019E-008, -1.76659E-002
6.1457389E-008, -1.76750E-002
6.1457759E-008, -1.76750E-002
6.1458130E-008, -1.76840E-002
6.1458500E-008, -1.76750E-002
6.1458870E-008, -1.76931E-002
6.1459241E-008, -1.76931E-002
6.1459611E-008, -1.77021E-002
6.1459981E-008, -1.77112E-002
6.1460352E-008, -1.76840E-002
6.1460722E-008, -1.77112E-002
6.1461093E-008, -1.77021E-002
6.1461463E-008, -1.76931E-002
6.1461833E-008, -1.77112E-002
6.1462204E-008, -1.77112E-002
6.1462574E-008, -1.76840E-002
6.1462944E-008, -1.77203E-002
6.1463315E-008, -1.76659E-002
6.1463685E-008, -1.76840E-002
6.1464056E-008, -1.76750E-002
6.1464426E-008, -1.76750E-002
6.1464796E-008, -1.76569E-002
6.1465167E-008, -1.76750E-002
6.1465537E-008, -1.76569E-002
6.1465907E-008, -1.76388E-002
6.1466278E-008, -1.76478E-002
6.1466648E-008, -1.76478E-002
6.1467019E-008, -1.76207E-002
6.1467389E-008, -1.76116E-002
6.1467759E-008, -1.76116E-002
6.1468130E-008, -1.76207E-002
6.1468500E-008, -1.75845E-002
6.1468870E-008, -1.75935E-002
6.1469241E-008, -1.75483E-002
6.1469611E-008, -1.75754E-002
6.1469981E-008, -1.75483E-002
6.1470352E-008, -1.75392E-002
6.1470722E-008, -1.75121E-002
6.1471093E-008, -1.75121E-002
6.1471463E-008, -1.75121E-002
6.1471833E-008, -1.74849E-002
6.1472204E-008, -1.74759E-002
6.1472574E-008, -1.74668E-002
6.1472944E-008, -1.74215E-002
6.1473315E-008, -1.74125E-002
6.1473685E-008, -1.74034E-002
6.1474056E-008, -1.73944E-002
6.1474426E-008, -1.73763E-002
6.1474796E-008, -1.73672E-002
6.1475167E-008, -1.73491E-002
6.1475537E-008, -1.73401E-002
6.1475907E-008, -1.73310E-002
6.1476278E-008, -1.73039E-002
6.1476648E-008, -1.73039E-002
6.1477019E-008, -1.72586E-002
6.1477389E-008, -1.72496E-002
6.1477759E-008, -1.72224E-002
6.1478130E-008, -1.71862E-002
6.1478500E-008, -1.71771E-002
6.1478870E-008, -1.71409E-002
6.1479241E-008, -1.71409E-002
6.1479611E-008, -1.71228E-002
6.1479981E-008, -1.71138E-002
6.1480352E-008, -1.71047E-002
6.1480722E-008, -1.70595E-002
6.1481093E-008, -1.70504E-002
6.1481463E-008, -1.70323E-002
6.1481833E-008, -1.70323E-002
6.1482204E-008, -1.70233E-002
6.1482574E-008, -1.69689E-002
6.1482944E-008, -1.69508E-002
6.1483315E-008, -1.69327E-002
6.1483685E-008, -1.69146E-002
6.1484056E-008, -1.68784E-002
6.1484426E-008, -1.68603E-002
6.1484796E-008, -1.68151E-002
6.1485167E-008, -1.67970E-002
6.1485537E-008, -1.67698E-002
6.1485907E-008, -1.67607E-002
6.1486278E-008, -1.67426E-002
6.1486648E-008, -1.67245E-002
6.1487019E-008, -1.66702E-002
6.1487389E-008, -1.66521E-002
6.1487759E-008, -1.66702E-002
6.1488130E-008, -1.66250E-002
6.1488500E-008, -1.65978E-002
6.1488870E-008, -1.65707E-002
6.1489241E-008, -1.65707E-002
6.1489611E-008, -1.65254E-002
6.1489981E-008, -1.65163E-002
6.1490352E-008, -1.64892E-002
6.1490722E-008, -1.64711E-002
6.1491093E-008, -1.64258E-002
6.1491463E-008, -1.63987E-002
6.1491833E-008, -1.63896E-002
6.1492204E-008, -1.63806E-002
6.1492574E-008, -1.63444E-002
6.1492944E-008, -1.63263E-002
6.1493315E-008, -1.63082E-002
6.1493685E-008, -1.62991E-002
6.1494056E-008, -1.62810E-002
6.1494426E-008, -1.62357E-002
6.1494796E-008, -1.62538E-002
6.1495167E-008, -1.62176E-002
6.1495537E-008, -1.61995E-002
6.1495907E-008, -1.61543E-002
6.1496278E-008, -1.61362E-002
6.1496648E-008, -1.61362E-002
6.1497019E-008, -1.60909E-002
6.1497389E-008, -1.60819E-002
6.1497759E-008, -1.60728E-002
6.1498130E-008, -1.60366E-002
6.1498500E-008, -1.60185E-002
6.1498870E-008, -1.59913E-002
6.1499241E-008, -1.60004E-002
6.1499611E-008, -1.59642E-002
6.1499981E-008, -1.59642E-002
6.1500352E-008, -1.59280E-002
6.1500722E-008, -1.59008E-002
6.1501093E-008, -1.59189E-002
6.1501463E-008, -1.58827E-002
6.1501833E-008, -1.58646E-002
6.1502204E-008, -1.58465E-002
6.1502574E-008, -1.58193E-002
6.1502944E-008, -1.58012E-002
6.1503315E-008, -1.57741E-002
6.1503685E-008, -1.57741E-002
6.1504056E-008, -1.57469E-002
6.1504426E-008, -1.57469E-002
6.1504796E-008, -1.57107E-002
6.1505167E-008, -1.57017E-002
6.1505537E-008, -1.56926E-002
6.1505907E-008, -1.56926E-002
6.1506278E-008, -1.56745E-002
6.1506648E-008, -1.56564E-002
6.1507019E-008, -1.56383E-002
6.1507389E-008, -1.56293E-002
6.1507759E-008, -1.56112E-002
6.1508130E-008, -1.56021E-002
6.1508500E-008, -1.55840E-002
6.1508870E-008, -1.55659E-002
6.1509241E-008, -1.55659E-002
6.1509611E-008, -1.55478E-002
6.1509981E-008, -1.55387E-002
6.1510352E-008, -1.55387E-002
6.1510722E-008, -1.55206E-002
6.1511093E-008, -1.55025E-002
6.1511463E-008, -1.54935E-002
6.1511833E-008, -1.54844E-002
6.1512204E-008, -1.54844E-002
6.1512574E-008, -1.54663E-002
6.1512944E-008, -1.54573E-002
6.1513315E-008, -1.54482E-002
6.1513685E-008, -1.54482E-002
6.1514056E-008, -1.54392E-002
6.1514426E-008, -1.54301E-002
6.1514796E-008, -1.54301E-002
6.1515167E-008, -1.54030E-002
6.1515537E-008, -1.54211E-002
6.1515907E-008, -1.53939E-002
6.1516278E-008, -1.54120E-002
6.1516648E-008, -1.54030E-002
6.1517019E-008, -1.53849E-002
6.1517389E-008, -1.53849E-002
6.1517759E-008, -1.53577E-002
6.1518130E-008, -1.53667E-002
6.1518500E-008, -1.53758E-002
6.1518870E-008, -1.53667E-002
6.1519241E-008, -1.53577E-002
6.1519611E-008, -1.53486E-002
6.1519981E-008, -1.53667E-002
6.1520352E-008, -1.53486E-002
6.1520722E-008, -1.53486E-002
6.1521093E-008, -1.53396E-002
6.1521463E-008, -1.53486E-002
6.1521833E-008, -1.53577E-002
6.1522204E-008, -1.53396E-002
6.1522574E-008, -1.53486E-002
6.1522944E-008, -1.53577E-002
6.1523315E-008, -1.53486E-002
6.1523685E-008, -1.53486E-002
6.1524056E-008, -1.53577E-002
6.1524426E-008, -1.53486E-002
6.1524796E-008, -1.53577E-002
6.1525167E-008, -1.53577E-002
6.1525537E-008, -1.53486E-002
6.1525907E-008, -1.53396E-002
6.1526278E-008, -1.53577E-002
6.1526648E-008, -1.53758E-002
6.1527019E-008, -1.53667E-002
6.1527389E-008, -1.53577E-002
6.1527759E-008, -1.53758E-002
6.1528130E-008, -1.53667E-002
6.1528500E-008, -1.53758E-002
6.1528870E-008, -1.53667E-002
6.1529241E-008, -1.53667E-002
6.1529611E-008, -1.53758E-002
6.1529981E-008, -1.53758E-002
6.1530352E-008, -1.53758E-002
6.1530722E-008, -1.53758E-002
6.1531093E-008, -1.53849E-002
6.1531463E-008, -1.53939E-002
6.1531833E-008, -1.53849E-002
6.1532204E-008, -1.54030E-002
6.1532574E-008, -1.54120E-002
6.1532944E-008, -1.54030E-002
6.1533315E-008, -1.54120E-002
6.1533685E-008, -1.54120E-002
6.1534056E-008, -1.54211E-002
6.1534426E-008, -1.54392E-002
6.1534796E-008, -1.54301E-002
6.1535167E-008, -1.54301E-002
6.1535537E-008, -1.54301E-002
6.1535907E-008, -1.54482E-002
6.1536278E-008, -1.54392E-002
6.1536648E-008, -1.54482E-002
6.1537019E-008, -1.54482E-002
6.1537389E-008, -1.54573E-002
6.1537759E-008, -1.54482E-002
6.1538130E-008, -1.54573E-002
6.1538500E-008, -1.54754E-002
6.1538870E-008, -1.54844E-002
6.1539241E-008, -1.54663E-002
6.1539611E-008, -1.54754E-002
6.1539981E-008, -1.54754E-002
6.1540352E-008, -1.54754E-002
6.1540722E-008, -1.54935E-002
6.1541093E-008, -1.54844E-002
6.1541463E-008, -1.54754E-002
6.1541833E-008, -1.55025E-002
6.1542204E-008, -1.54935E-002
6.1542574E-008, -1.54844E-002
6.1542944E-008, -1.55025E-002
6.1543315E-008, -1.55206E-002
6.1543685E-008, -1.55025E-002
6.1544056E-008, -1.55116E-002
6.1544426E-008, -1.55025E-002
6.1544796E-008, -1.55025E-002
6.1545167E-008, -1.55116E-002
6.1545537E-008, -1.55116E-002
6.1545907E-008, -1.55206E-002
6.1546278E-008, -1.55025E-002
6.1546648E-008, -1.55025E-002
6.1547019E-008, -1.55025E-002
6.1547389E-008, -1.55206E-002
6.1547759E-008, -1.55116E-002
6.1548130E-008, -1.55206E-002
6.1548500E-008, -1.55206E-002
6.1548870E-008, -1.55025E-002
6.1549241E-008, -1.55025E-002
6.1549611E-008, -1.54935E-002
6.1549981E-008, -1.55025E-002
6.1550352E-008, -1.55025E-002
6.1550722E-008, -1.54935E-002
6.1551093E-008, -1.54935E-002
6.1551463E-008, -1.55025E-002
6.1551833E-008, -1.54844E-002
6.1552204E-008, -1.54935E-002
6.1552574E-008, -1.54844E-002
6.1552944E-008, -1.54935E-002
6.1553315E-008, -1.54844E-002
6.1553685E-008, -1.54844E-002
6.1554056E-008, -1.54844E-002
6.1554426E-008, -1.54935E-002
6.1554796E-008, -1.54844E-002
6.1555167E-008, -1.54754E-002
6.1555537E-008, -1.54844E-002
6.1555907E-008, -1.54663E-002
6.1556278E-008, -1.54573E-002
6.1556648E-008, -1.54482E-002
6.1557019E-008, -1.54392E-002
6.1557389E-008, -1.54482E-002
6.1557759E-008, -1.54392E-002
6.1558130E-008, -1.54301E-002
6.1558500E-008, -1.54301E-002
6.1558870E-008, -1.54211E-002
6.1559241E-008, -1.54120E-002
6.1559611E-008, -1.53939E-002
6.1559981E-008, -1.54030E-002
6.1560352E-008, -1.53939E-002
6.1560722E-008, -1.53939E-002
6.1561093E-008, -1.53758E-002
6.1561463E-008, -1.53667E-002
6.1561833E-008, -1.53577E-002
6.1562204E-008, -1.53667E-002
6.1562574E-008, -1.53396E-002
6.1562944E-008, -1.53486E-002
6.1563315E-008, -1.53305E-002
6.1563685E-008, -1.53124E-002
6.1564056E-008, -1.53124E-002
6.1564426E-008, -1.52943E-002
6.1564796E-008, -1.52853E-002
6.1565167E-008, -1.53034E-002
6.1565537E-008, -1.52672E-002
6.1565907E-008, -1.52672E-002
6.1566278E-008, -1.52581E-002
6.1566648E-008, -1.52400E-002
6.1567019E-008, -1.52219E-002
6.1567389E-008, -1.52129E-002
6.1567759E-008, -1.51948E-002
6.1568130E-008, -1.52038E-002
6.1568500E-008, -1.51857E-002
6.1568870E-008, -1.51857E-002
6.1569241E-008, -1.51857E-002
6.1569611E-008, -1.51586E-002
6.1569981E-008, -1.51495E-002
6.1570352E-008, -1.51405E-002
6.1570722E-008, -1.51223E-002
6.1571093E-008, -1.51133E-002
6.1571463E-008, -1.51042E-002
6.1571833E-008, -1.51133E-002
6.1572204E-008, -1.50680E-002
6.1572574E-008, -1.50680E-002
6.1572944E-008, -1.50499E-002
6.1573315E-008, -1.50499E-002
6.1573685E-008, -1.50228E-002
6.1574056E-008, -1.50047E-002
6.1574426E-008, -1.50228E-002
6.1574796E-008, -1.49956E-002
6.1575167E-008, -1.49775E-002
6.1575537E-008, -1.49685E-002
6.1575907E-008, -1.49504E-002
6.1576278E-008, -1.49413E-002
6.1576648E-008, -1.49413E-002
6.1577019E-008, -1.49232E-002
6.1577389E-008, -1.49142E-002
6.1577759E-008, -1.49051E-002
6.1578130E-008, -1.48960E-002
