Type:          average
Points:        1350
Count:         512
XInc:          3.70370E-013
XOrg:          6.1122000000E-008
YData range:   5.74400E-001
YData center:  -9.00000E-002
Coupling:      50 Ohms
XRange:        5.00000E-010
XOffset:       6.1122000000E-008
YRange:        5.70400E-001
YOffset:       -9.00000E-002
Date:          18 NOV 2019
Time:          10:05:18:64
Frame:         86100C:MY45030871
X Units:       second
Y Units:       Volt
XY Data:
6.1122000E-008, -1.989944E-001
6.1122370E-008, -1.989763E-001
6.1122741E-008, -1.989854E-001
6.1123111E-008, -1.990216E-001
6.1123481E-008, -1.990216E-001
6.1123852E-008, -1.990669E-001
6.1124222E-008, -1.990306E-001
6.1124593E-008, -1.990216E-001
6.1124963E-008, -1.990306E-001
6.1125333E-008, -1.990306E-001
6.1125704E-008, -1.990759E-001
6.1126074E-008, -1.990669E-001
6.1126444E-008, -1.990759E-001
6.1126815E-008, -1.990850E-001
6.1127185E-008, -1.990940E-001
6.1127556E-008, -1.990850E-001
6.1127926E-008, -1.990940E-001
6.1128296E-008, -1.991031E-001
6.1128667E-008, -1.991212E-001
6.1129037E-008, -1.991121E-001
6.1129407E-008, -1.991031E-001
6.1129778E-008, -1.991302E-001
6.1130148E-008, -1.991483E-001
6.1130519E-008, -1.991393E-001
6.1130889E-008, -1.991755E-001
6.1131259E-008, -1.991664E-001
6.1131630E-008, -1.991845E-001
6.1132000E-008, -1.991845E-001
6.1132370E-008, -1.991845E-001
6.1132741E-008, -1.991664E-001
6.1133111E-008, -1.991845E-001
6.1133481E-008, -1.992117E-001
6.1133852E-008, -1.992026E-001
6.1134222E-008, -1.992207E-001
6.1134593E-008, -1.992298E-001
6.1134963E-008, -1.992569E-001
6.1135333E-008, -1.992660E-001
6.1135704E-008, -1.992750E-001
6.1136074E-008, -1.992388E-001
6.1136444E-008, -1.992660E-001
6.1136815E-008, -1.992660E-001
6.1137185E-008, -1.992569E-001
6.1137556E-008, -1.992841E-001
6.1137926E-008, -1.992931E-001
6.1138296E-008, -1.992931E-001
6.1138667E-008, -1.992931E-001
6.1139037E-008, -1.993022E-001
6.1139407E-008, -1.993294E-001
6.1139778E-008, -1.993203E-001
6.1140148E-008, -1.993656E-001
6.1140519E-008, -1.993294E-001
6.1140889E-008, -1.993475E-001
6.1141259E-008, -1.993656E-001
6.1141630E-008, -1.993565E-001
6.1142000E-008, -1.993837E-001
6.1142370E-008, -1.993837E-001
6.1142741E-008, -1.993837E-001
6.1143111E-008, -1.993746E-001
6.1143481E-008, -1.994199E-001
6.1143852E-008, -1.994199E-001
6.1144222E-008, -1.994018E-001
6.1144593E-008, -1.994199E-001
6.1144963E-008, -1.994651E-001
6.1145333E-008, -1.994651E-001
6.1145704E-008, -1.994289E-001
6.1146074E-008, -1.994470E-001
6.1146444E-008, -1.994470E-001
6.1146815E-008, -1.994289E-001
6.1147185E-008, -1.994470E-001
6.1147556E-008, -1.994651E-001
6.1147926E-008, -1.994832E-001
6.1148296E-008, -1.994742E-001
6.1148667E-008, -1.994832E-001
6.1149037E-008, -1.995104E-001
6.1149407E-008, -1.995013E-001
6.1149778E-008, -1.994832E-001
6.1150148E-008, -1.995376E-001
6.1150519E-008, -1.995285E-001
6.1150889E-008, -1.995104E-001
6.1151259E-008, -1.995466E-001
6.1151630E-008, -1.995194E-001
6.1152000E-008, -1.995466E-001
6.1152370E-008, -1.995557E-001
6.1152741E-008, -1.995647E-001
6.1153111E-008, -1.995738E-001
6.1153481E-008, -1.995557E-001
6.1153852E-008, -1.995828E-001
6.1154222E-008, -1.995557E-001
6.1154593E-008, -1.996009E-001
6.1154963E-008, -1.995828E-001
6.1155333E-008, -1.995828E-001
6.1155704E-008, -1.995647E-001
6.1156074E-008, -1.995738E-001
6.1156444E-008, -1.996190E-001
6.1156815E-008, -1.995828E-001
6.1157185E-008, -1.996100E-001
6.1157556E-008, -1.996100E-001
6.1157926E-008, -1.996462E-001
6.1158296E-008, -1.996281E-001
6.1158667E-008, -1.996281E-001
6.1159037E-008, -1.996281E-001
6.1159407E-008, -1.996281E-001
6.1159778E-008, -1.996190E-001
6.1160148E-008, -1.996462E-001
6.1160519E-008, -1.996371E-001
6.1160889E-008, -1.996733E-001
6.1161259E-008, -1.996733E-001
6.1161630E-008, -1.996824E-001
6.1162000E-008, -1.996643E-001
6.1162370E-008, -1.996733E-001
6.1162741E-008, -1.996914E-001
6.1163111E-008, -1.996824E-001
6.1163481E-008, -1.997005E-001
6.1163852E-008, -1.997095E-001
6.1164222E-008, -1.997005E-001
6.1164593E-008, -1.996914E-001
6.1164963E-008, -1.997186E-001
6.1165333E-008, -1.997095E-001
6.1165704E-008, -1.997276E-001
6.1166074E-008, -1.997095E-001
6.1166444E-008, -1.997186E-001
6.1166815E-008, -1.997276E-001
6.1167185E-008, -1.997276E-001
6.1167556E-008, -1.997367E-001
6.1167926E-008, -1.997276E-001
6.1168296E-008, -1.997548E-001
6.1168667E-008, -1.997639E-001
6.1169037E-008, -1.997548E-001
6.1169407E-008, -1.997548E-001
6.1169778E-008, -1.997639E-001
6.1170148E-008, -1.997729E-001
6.1170519E-008, -1.997548E-001
6.1170889E-008, -1.997276E-001
6.1171259E-008, -1.997729E-001
6.1171630E-008, -1.997639E-001
6.1172000E-008, -1.997639E-001
6.1172370E-008, -1.997729E-001
6.1172741E-008, -1.997729E-001
6.1173111E-008, -1.997729E-001
6.1173481E-008, -1.998091E-001
6.1173852E-008, -1.997910E-001
6.1174222E-008, -1.997910E-001
6.1174593E-008, -1.997729E-001
6.1174963E-008, -1.997910E-001
6.1175333E-008, -1.997820E-001
6.1175704E-008, -1.997548E-001
6.1176074E-008, -1.998001E-001
6.1176444E-008, -1.997820E-001
6.1176815E-008, -1.997910E-001
6.1177185E-008, -1.997820E-001
6.1177556E-008, -1.998001E-001
6.1177926E-008, -1.997729E-001
6.1178296E-008, -1.998272E-001
6.1178667E-008, -1.997729E-001
6.1179037E-008, -1.998091E-001
6.1179407E-008, -1.998001E-001
6.1179778E-008, -1.998001E-001
6.1180148E-008, -1.998001E-001
6.1180519E-008, -1.998182E-001
6.1180889E-008, -1.997910E-001
6.1181259E-008, -1.998182E-001
6.1181630E-008, -1.998182E-001
6.1182000E-008, -1.998091E-001
6.1182370E-008, -1.998001E-001
6.1182741E-008, -1.997910E-001
6.1183111E-008, -1.998091E-001
6.1183481E-008, -1.998001E-001
6.1183852E-008, -1.998091E-001
6.1184222E-008, -1.997729E-001
6.1184593E-008, -1.998272E-001
6.1184963E-008, -1.997910E-001
6.1185333E-008, -1.998363E-001
6.1185704E-008, -1.997910E-001
6.1186074E-008, -1.998091E-001
6.1186444E-008, -1.997910E-001
6.1186815E-008, -1.997910E-001
6.1187185E-008, -1.998182E-001
6.1187556E-008, -1.998001E-001
6.1187926E-008, -1.997729E-001
6.1188296E-008, -1.997820E-001
6.1188667E-008, -1.997910E-001
6.1189037E-008, -1.997910E-001
6.1189407E-008, -1.997820E-001
6.1189778E-008, -1.997910E-001
6.1190148E-008, -1.997910E-001
6.1190519E-008, -1.998001E-001
6.1190889E-008, -1.998001E-001
6.1191259E-008, -1.997457E-001
6.1191630E-008, -1.997457E-001
6.1192000E-008, -1.997639E-001
6.1192370E-008, -1.997548E-001
6.1192741E-008, -1.997548E-001
6.1193111E-008, -1.997457E-001
6.1193481E-008, -1.997639E-001
6.1193852E-008, -1.997367E-001
6.1194222E-008, -1.997186E-001
6.1194593E-008, -1.997186E-001
6.1194963E-008, -1.997005E-001
6.1195333E-008, -1.997276E-001
6.1195704E-008, -1.997276E-001
6.1196074E-008, -1.997095E-001
6.1196444E-008, -1.997186E-001
6.1196815E-008, -1.997095E-001
6.1197185E-008, -1.997095E-001
6.1197556E-008, -1.996824E-001
6.1197926E-008, -1.996824E-001
6.1198296E-008, -1.996824E-001
6.1198667E-008, -1.996824E-001
6.1199037E-008, -1.996733E-001
6.1199407E-008, -1.996733E-001
6.1199778E-008, -1.996462E-001
6.1200148E-008, -1.996552E-001
6.1200519E-008, -1.996733E-001
6.1200889E-008, -1.996371E-001
6.1201259E-008, -1.996281E-001
6.1201630E-008, -1.996100E-001
6.1202000E-008, -1.996100E-001
6.1202370E-008, -1.996100E-001
6.1202741E-008, -1.995828E-001
6.1203111E-008, -1.995466E-001
6.1203481E-008, -1.995919E-001
6.1203852E-008, -1.995647E-001
6.1204222E-008, -1.995285E-001
6.1204593E-008, -1.995557E-001
6.1204963E-008, -1.995194E-001
6.1205333E-008, -1.995466E-001
6.1205704E-008, -1.995104E-001
6.1206074E-008, -1.994742E-001
6.1206444E-008, -1.994651E-001
6.1206815E-008, -1.994742E-001
6.1207185E-008, -1.994651E-001
6.1207556E-008, -1.994380E-001
6.1207926E-008, -1.994108E-001
6.1208296E-008, -1.994289E-001
6.1208667E-008, -1.993927E-001
6.1209037E-008, -1.994018E-001
6.1209407E-008, -1.993656E-001
6.1209778E-008, -1.993565E-001
6.1210148E-008, -1.993475E-001
6.1210519E-008, -1.993203E-001
6.1210889E-008, -1.993203E-001
6.1211259E-008, -1.993203E-001
6.1211630E-008, -1.992750E-001
6.1212000E-008, -1.992298E-001
6.1212370E-008, -1.992388E-001
6.1212741E-008, -1.992117E-001
6.1213111E-008, -1.992117E-001
6.1213481E-008, -1.991755E-001
6.1213852E-008, -1.991574E-001
6.1214222E-008, -1.991483E-001
6.1214593E-008, -1.990940E-001
6.1214963E-008, -1.990850E-001
6.1215333E-008, -1.990487E-001
6.1215704E-008, -1.990669E-001
6.1216074E-008, -1.990216E-001
6.1216444E-008, -1.990035E-001
6.1216815E-008, -1.990125E-001
6.1217185E-008, -1.989763E-001
6.1217556E-008, -1.989039E-001
6.1217926E-008, -1.988858E-001
6.1218296E-008, -1.988949E-001
6.1218667E-008, -1.988315E-001
6.1219037E-008, -1.988043E-001
6.1219407E-008, -1.987772E-001
6.1219778E-008, -1.987410E-001
6.1220148E-008, -1.987229E-001
6.1220519E-008, -1.986867E-001
6.1220889E-008, -1.986776E-001
6.1221259E-008, -1.986052E-001
6.1221630E-008, -1.985871E-001
6.1222000E-008, -1.985147E-001
6.1222370E-008, -1.984875E-001
6.1222741E-008, -1.984604E-001
6.1223111E-008, -1.984061E-001
6.1223481E-008, -1.983880E-001
6.1223852E-008, -1.983155E-001
6.1224222E-008, -1.983065E-001
6.1224593E-008, -1.982612E-001
6.1224963E-008, -1.982341E-001
6.1225333E-008, -1.981526E-001
6.1225704E-008, -1.981164E-001
6.1226074E-008, -1.980349E-001
6.1226444E-008, -1.979806E-001
6.1226815E-008, -1.979263E-001
6.1227185E-008, -1.978720E-001
6.1227556E-008, -1.978267E-001
6.1227926E-008, -1.977634E-001
6.1228296E-008, -1.976910E-001
6.1228667E-008, -1.976638E-001
6.1229037E-008, -1.976004E-001
6.1229407E-008, -1.975371E-001
6.1229778E-008, -1.974918E-001
6.1230148E-008, -1.974013E-001
6.1230519E-008, -1.973017E-001
6.1230889E-008, -1.972746E-001
6.1231259E-008, -1.971750E-001
6.1231630E-008, -1.971026E-001
6.1232000E-008, -1.970392E-001
6.1232370E-008, -1.969125E-001
6.1232741E-008, -1.969034E-001
6.1233111E-008, -1.967677E-001
6.1233481E-008, -1.966862E-001
6.1233852E-008, -1.965504E-001
6.1234222E-008, -1.964508E-001
6.1234593E-008, -1.963875E-001
6.1234963E-008, -1.962698E-001
6.1235333E-008, -1.962064E-001
6.1235704E-008, -1.960707E-001
6.1236074E-008, -1.960163E-001
6.1236444E-008, -1.959077E-001
6.1236815E-008, -1.957719E-001
6.1237185E-008, -1.956181E-001
6.1237556E-008, -1.955547E-001
6.1237926E-008, -1.953646E-001
6.1238296E-008, -1.952922E-001
6.1238667E-008, -1.951293E-001
6.1239037E-008, -1.950206E-001
6.1239407E-008, -1.949211E-001
6.1239778E-008, -1.947762E-001
6.1240148E-008, -1.946223E-001
6.1240519E-008, -1.945952E-001
6.1240889E-008, -1.944142E-001
6.1241259E-008, -1.943236E-001
6.1241630E-008, -1.940792E-001
6.1242000E-008, -1.938891E-001
6.1242370E-008, -1.937172E-001
6.1242741E-008, -1.935814E-001
6.1243111E-008, -1.933732E-001
6.1243481E-008, -1.933098E-001
6.1243852E-008, -1.931107E-001
6.1244222E-008, -1.929839E-001
6.1244593E-008, -1.928301E-001
6.1244963E-008, -1.925313E-001
6.1245333E-008, -1.922688E-001
6.1245704E-008, -1.920969E-001
6.1246074E-008, -1.919882E-001
6.1246444E-008, -1.918706E-001
6.1246815E-008, -1.915990E-001
6.1247185E-008, -1.913093E-001
6.1247556E-008, -1.911464E-001
6.1247926E-008, -1.908386E-001
6.1248296E-008, -1.907391E-001
6.1248667E-008, -1.906395E-001
6.1249037E-008, -1.902865E-001
6.1249407E-008, -1.899153E-001
6.1249778E-008, -1.898339E-001
6.1250148E-008, -1.895804E-001
6.1250519E-008, -1.893813E-001
6.1250889E-008, -1.891278E-001
6.1251259E-008, -1.887295E-001
6.1251630E-008, -1.885575E-001
6.1252000E-008, -1.882407E-001
6.1252370E-008, -1.879330E-001
6.1252741E-008, -1.875980E-001
6.1253111E-008, -1.873717E-001
6.1253481E-008, -1.870459E-001
6.1253852E-008, -1.865209E-001
6.1254222E-008, -1.865209E-001
6.1254593E-008, -1.863036E-001
6.1254963E-008, -1.858239E-001
6.1255333E-008, -1.855251E-001
6.1255704E-008, -1.851269E-001
6.1256074E-008, -1.848553E-001
6.1256444E-008, -1.847376E-001
6.1256815E-008, -1.844118E-001
6.1257185E-008, -1.841130E-001
6.1257556E-008, -1.836695E-001
6.1257926E-008, -1.832350E-001
6.1258296E-008, -1.830902E-001
6.1258667E-008, -1.824746E-001
6.1259037E-008, -1.822755E-001
6.1259407E-008, -1.819496E-001
6.1259778E-008, -1.816057E-001
6.1260148E-008, -1.813250E-001
6.1260519E-008, -1.809268E-001
6.1260889E-008, -1.805466E-001
6.1261259E-008, -1.798496E-001
6.1261630E-008, -1.795690E-001
6.1262000E-008, -1.791254E-001
6.1262370E-008, -1.788901E-001
6.1262741E-008, -1.784556E-001
6.1263111E-008, -1.779306E-001
6.1263481E-008, -1.774146E-001
6.1263852E-008, -1.769711E-001
6.1264222E-008, -1.764008E-001
6.1264593E-008, -1.760749E-001
6.1264963E-008, -1.756404E-001
6.1265333E-008, -1.751788E-001
6.1265704E-008, -1.750249E-001
6.1266074E-008, -1.745632E-001
6.1266444E-008, -1.738934E-001
6.1266815E-008, -1.733865E-001
6.1267185E-008, -1.728162E-001
6.1267556E-008, -1.724360E-001
6.1267926E-008, -1.720015E-001
6.1268296E-008, -1.716033E-001
6.1268667E-008, -1.710058E-001
6.1269037E-008, -1.704899E-001
6.1269407E-008, -1.699739E-001
6.1269778E-008, -1.695485E-001
6.1270148E-008, -1.687791E-001
6.1270519E-008, -1.685980E-001
6.1270889E-008, -1.676928E-001
6.1271259E-008, -1.673217E-001
6.1271630E-008, -1.669234E-001
6.1272000E-008, -1.663803E-001
6.1272370E-008, -1.655747E-001
6.1272741E-008, -1.652760E-001
6.1273111E-008, -1.645246E-001
6.1273481E-008, -1.642983E-001
6.1273852E-008, -1.634656E-001
6.1274222E-008, -1.629043E-001
6.1274593E-008, -1.623612E-001
6.1274963E-008, -1.613655E-001
6.1275333E-008, -1.613655E-001
6.1275704E-008, -1.602974E-001
6.1276074E-008, -1.599625E-001
6.1276444E-008, -1.597271E-001
6.1276815E-008, -1.588943E-001
6.1277185E-008, -1.578172E-001
6.1277556E-008, -1.573012E-001
6.1277926E-008, -1.573465E-001
6.1278296E-008, -1.564503E-001
6.1278667E-008, -1.559525E-001
6.1279037E-008, -1.552102E-001
6.1279407E-008, -1.543141E-001
6.1279778E-008, -1.536442E-001
6.1280148E-008, -1.532912E-001
6.1280519E-008, -1.520873E-001
6.1280889E-008, -1.517614E-001
6.1281259E-008, -1.509196E-001
6.1281630E-008, -1.504760E-001
6.1282000E-008, -1.498967E-001
6.1282370E-008, -1.491092E-001
6.1282741E-008, -1.489010E-001
6.1283111E-008, -1.481135E-001
6.1283481E-008, -1.471449E-001
6.1283852E-008, -1.466471E-001
6.1284222E-008, -1.464932E-001
6.1284593E-008, -1.452712E-001
6.1284963E-008, -1.442030E-001
6.1285333E-008, -1.436780E-001
6.1285704E-008, -1.433431E-001
6.1286074E-008, -1.422750E-001
6.1286444E-008, -1.411616E-001
6.1286815E-008, -1.409081E-001
6.1287185E-008, -1.398490E-001
6.1287556E-008, -1.392335E-001
6.1287926E-008, -1.386995E-001
6.1288296E-008, -1.383736E-001
6.1288667E-008, -1.376223E-001
6.1289037E-008, -1.367352E-001
6.1289407E-008, -1.361649E-001
6.1289778E-008, -1.352688E-001
6.1290148E-008, -1.349701E-001
6.1290519E-008, -1.338476E-001
6.1290889E-008, -1.330601E-001
6.1291259E-008, -1.322454E-001
6.1291630E-008, -1.314488E-001
6.1292000E-008, -1.313945E-001
6.1292370E-008, -1.294574E-001
6.1292741E-008, -1.286880E-001
6.1293111E-008, -1.284979E-001
6.1293481E-008, -1.277104E-001
6.1293852E-008, -1.267237E-001
6.1294222E-008, -1.262530E-001
6.1294593E-008, -1.250401E-001
6.1294963E-008, -1.247595E-001
6.1295333E-008, -1.234198E-001
6.1295704E-008, -1.233021E-001
6.1296074E-008, -1.222792E-001
6.1296444E-008, -1.218085E-001
6.1296815E-008, -1.208852E-001
6.1297185E-008, -1.198533E-001
6.1297556E-008, -1.199619E-001
6.1297926E-008, -1.180610E-001
6.1298296E-008, -1.175632E-001
6.1298667E-008, -1.163864E-001
6.1299037E-008, -1.159881E-001
6.1299407E-008, -1.153454E-001
6.1299778E-008, -1.143859E-001
6.1300148E-008, -1.135984E-001
6.1300519E-008, -1.124941E-001
6.1300889E-008, -1.119057E-001
6.1301259E-008, -1.110005E-001
6.1301630E-008, -1.105932E-001
6.1302000E-008, -1.095703E-001
6.1302370E-008, -1.083573E-001
6.1302741E-008, -1.083302E-001
6.1303111E-008, -1.071625E-001
6.1303481E-008, -1.066827E-001
6.1303852E-008, -1.059495E-001
6.1304222E-008, -1.051801E-001
6.1304593E-008, -1.045374E-001
6.1304963E-008, -1.035417E-001
6.1305333E-008, -1.025913E-001
6.1305704E-008, -1.014055E-001
6.1306074E-008, -1.010434E-001
6.1306444E-008, -9.99481E-002
6.1306815E-008, -9.94321E-002
6.1307185E-008, -9.85722E-002
6.1307556E-008, -9.77213E-002
6.1307926E-008, -9.73140E-002
6.1308296E-008, -9.61463E-002
6.1308667E-008, -9.49786E-002
6.1309037E-008, -9.48700E-002
6.1309407E-008, -9.37385E-002
6.1309778E-008, -9.31410E-002
6.1310148E-008, -9.24802E-002
6.1310519E-008, -9.11677E-002
6.1310889E-008, -9.06880E-002
6.1311259E-008, -8.96289E-002
6.1311630E-008, -8.92577E-002
6.1312000E-008, -8.78547E-002
6.1312370E-008, -8.71849E-002
6.1312741E-008, -8.65060E-002
6.1313111E-008, -8.58180E-002
6.1313481E-008, -8.44964E-002
6.1313852E-008, -8.40710E-002
6.1314222E-008, -8.36184E-002
6.1314593E-008, -8.24326E-002
6.1314963E-008, -8.18895E-002
6.1315333E-008, -8.13464E-002
6.1315704E-008, -8.04955E-002
6.1316074E-008, -7.98437E-002
6.1316444E-008, -7.87665E-002
6.1316815E-008, -7.85131E-002
6.1317185E-008, -7.77708E-002
6.1317556E-008, -7.57885E-002
6.1317926E-008, -7.57975E-002
6.1318296E-008, -7.52001E-002
6.1318667E-008, -7.41682E-002
6.1319037E-008, -7.31543E-002
6.1319407E-008, -7.25388E-002
6.1319778E-008, -7.21767E-002
6.1320148E-008, -7.09095E-002
6.1320519E-008, -7.00314E-002
6.1320889E-008, -6.95155E-002
6.1321259E-008, -6.91081E-002
6.1321630E-008, -6.85016E-002
6.1322000E-008, -6.74154E-002
6.1322370E-008, -6.66913E-002
6.1322741E-008, -6.59943E-002
6.1323111E-008, -6.54692E-002
6.1323481E-008, -6.46184E-002
6.1323852E-008, -6.38308E-002
6.1324222E-008, -6.28804E-002
6.1324593E-008, -6.22015E-002
6.1324963E-008, -6.12148E-002
6.1325333E-008, -6.10791E-002
6.1325704E-008, -5.96941E-002
6.1326074E-008, -5.91963E-002
6.1326444E-008, -5.88613E-002
6.1326815E-008, -5.81100E-002
6.1327185E-008, -5.76303E-002
6.1327556E-008, -5.64897E-002
6.1327926E-008, -5.64264E-002
6.1328296E-008, -5.49509E-002
6.1328667E-008, -5.49780E-002
6.1329037E-008, -5.41091E-002
6.1329407E-008, -5.37379E-002
6.1329778E-008, -5.22987E-002
6.1330148E-008, -5.18189E-002
6.1330519E-008, -5.14840E-002
6.1330889E-008, -5.00900E-002
6.1331259E-008, -4.98818E-002
6.1331630E-008, -4.90038E-002
6.1332000E-008, -4.87322E-002
6.1332370E-008, -4.82162E-002
6.1332741E-008, -4.71843E-002
6.1333111E-008, -4.69671E-002
6.1333481E-008, -4.57360E-002
6.1333852E-008, -4.52201E-002
6.1334222E-008, -4.49575E-002
6.1334593E-008, -4.41429E-002
6.1334963E-008, -4.34006E-002
6.1335333E-008, -4.26765E-002
6.1335704E-008, -4.26674E-002
6.1336074E-008, -4.15178E-002
6.1336444E-008, -4.15631E-002
6.1336815E-008, -4.06217E-002
6.1337185E-008, -3.97527E-002
6.1337556E-008, -3.95988E-002
6.1337926E-008, -3.86483E-002
6.1338296E-008, -3.82048E-002
6.1338667E-008, -3.78608E-002
6.1339037E-008, -3.68470E-002
6.1339407E-008, -3.66841E-002
6.1339778E-008, -3.61681E-002
6.1340148E-008, -3.59961E-002
6.1340519E-008, -3.50185E-002
6.1340889E-008, -3.44935E-002
6.1341259E-008, -3.38056E-002
6.1341630E-008, -3.34978E-002
6.1342000E-008, -3.28370E-002
6.1342370E-008, -3.21943E-002
6.1342741E-008, -3.18956E-002
6.1343111E-008, -3.15788E-002
6.1343481E-008, -3.09089E-002
6.1343852E-008, -3.04835E-002
6.1344222E-008, -3.01305E-002
6.1344593E-008, -2.97774E-002
6.1344963E-008, -2.88903E-002
6.1345333E-008, -2.83291E-002
6.1345704E-008, -2.79942E-002
6.1346074E-008, -2.77226E-002
6.1346444E-008, -2.73153E-002
6.1346815E-008, -2.66726E-002
6.1347185E-008, -2.63649E-002
6.1347556E-008, -2.60209E-002
6.1347926E-008, -2.52696E-002
6.1348296E-008, -2.49980E-002
6.1348667E-008, -2.46721E-002
6.1349037E-008, -2.41290E-002
6.1349407E-008, -2.38213E-002
6.1349778E-008, -2.32781E-002
6.1350148E-008, -2.28799E-002
6.1350519E-008, -2.26536E-002
6.1350889E-008, -2.21376E-002
6.1351259E-008, -2.16397E-002
6.1351630E-008, -2.15583E-002
6.1352000E-008, -2.09246E-002
6.1352370E-008, -2.07798E-002
6.1352741E-008, -2.02457E-002
6.1353111E-008, -2.00376E-002
6.1353481E-008, -1.94673E-002
6.1353852E-008, -1.92681E-002
6.1354222E-008, -1.89694E-002
6.1354593E-008, -1.87069E-002
6.1354963E-008, -1.84535E-002
6.1355333E-008, -1.81547E-002
6.1355704E-008, -1.75935E-002
6.1356074E-008, -1.76388E-002
6.1356444E-008, -1.70685E-002
6.1356815E-008, -1.65344E-002
6.1357185E-008, -1.66521E-002
6.1357556E-008, -1.60728E-002
6.1357926E-008, -1.58012E-002
6.1358296E-008, -1.56655E-002
6.1358667E-008, -1.52491E-002
6.1359037E-008, -1.47965E-002
6.1359407E-008, -1.47422E-002
6.1359778E-008, -1.44435E-002
6.1360148E-008, -1.42172E-002
6.1360519E-008, -1.39818E-002
6.1360889E-008, -1.37917E-002
6.1361259E-008, -1.35564E-002
6.1361630E-008, -1.33301E-002
6.1362000E-008, -1.29499E-002
6.1362370E-008, -1.28413E-002
6.1362741E-008, -1.26331E-002
6.1363111E-008, -1.24520E-002
6.1363481E-008, -1.20990E-002
6.1363852E-008, -1.19542E-002
6.1364222E-008, -1.18365E-002
6.1364593E-008, -1.16373E-002
6.1364963E-008, -1.13748E-002
6.1365333E-008, -1.12843E-002
6.1365704E-008, -1.10309E-002
6.1366074E-008, -1.08046E-002
6.1366444E-008, -1.06778E-002
6.1366815E-008, -1.05059E-002
6.1367185E-008, -1.04606E-002
6.1367556E-008, -1.01981E-002
6.1367926E-008, -1.00261E-002
6.1368296E-008, -9.8360E-003
6.1368667E-008, -9.6369E-003
6.1369037E-008, -9.5916E-003
6.1369407E-008, -9.4287E-003
6.1369778E-008, -9.3563E-003
6.1370148E-008, -9.3110E-003
6.1370519E-008, -9.1300E-003
6.1370889E-008, -8.9489E-003
6.1371259E-008, -8.9218E-003
6.1371630E-008, -8.8041E-003
6.1372000E-008, -8.6412E-003
6.1372370E-008, -8.5144E-003
6.1372741E-008, -8.5416E-003
6.1373111E-008, -8.3968E-003
6.1373481E-008, -8.2791E-003
6.1373852E-008, -8.2429E-003
6.1374222E-008, -8.0166E-003
6.1374593E-008, -8.0166E-003
6.1374963E-008, -7.9804E-003
6.1375333E-008, -7.9170E-003
6.1375704E-008, -7.8808E-003
6.1376074E-008, -7.7269E-003
6.1376444E-008, -7.6726E-003
6.1376815E-008, -7.6635E-003
6.1377185E-008, -7.6002E-003
6.1377556E-008, -7.5549E-003
6.1377926E-008, -7.5097E-003
6.1378296E-008, -7.4644E-003
6.1378667E-008, -7.4463E-003
6.1379037E-008, -7.4010E-003
6.1379407E-008, -7.4191E-003
6.1379778E-008, -7.3558E-003
6.1380148E-008, -7.3377E-003
6.1380519E-008, -7.3377E-003
6.1380889E-008, -7.3015E-003
6.1381259E-008, -7.2743E-003
6.1381630E-008, -7.2743E-003
6.1382000E-008, -7.2472E-003
6.1382370E-008, -7.2653E-003
6.1382741E-008, -7.2472E-003
6.1383111E-008, -7.2653E-003
6.1383481E-008, -7.2562E-003
6.1383852E-008, -7.2834E-003
6.1384222E-008, -7.2924E-003
6.1384593E-008, -7.2743E-003
6.1384963E-008, -7.3286E-003
6.1385333E-008, -7.3196E-003
6.1385704E-008, -7.3739E-003
6.1386074E-008, -7.3739E-003
6.1386444E-008, -7.4010E-003
6.1386815E-008, -7.4191E-003
6.1387185E-008, -7.4825E-003
6.1387556E-008, -7.5187E-003
6.1387926E-008, -7.5459E-003
6.1388296E-008, -7.6002E-003
6.1388667E-008, -7.6183E-003
6.1389037E-008, -7.6817E-003
6.1389407E-008, -7.7179E-003
6.1389778E-008, -7.7541E-003
6.1390148E-008, -7.7993E-003
6.1390519E-008, -7.8627E-003
6.1390889E-008, -7.8989E-003
6.1391259E-008, -7.9623E-003
6.1391630E-008, -8.0437E-003
6.1392000E-008, -8.0799E-003
6.1392370E-008, -8.1795E-003
6.1392741E-008, -8.1795E-003
6.1393111E-008, -8.2881E-003
6.1393481E-008, -8.2972E-003
6.1393852E-008, -8.4149E-003
6.1394222E-008, -8.4239E-003
6.1394593E-008, -8.5144E-003
6.1394963E-008, -8.5959E-003
6.1395333E-008, -8.6683E-003
6.1395704E-008, -8.7498E-003
6.1396074E-008, -8.8856E-003
6.1396444E-008, -8.9037E-003
6.1396815E-008, -8.9761E-003
6.1397185E-008, -9.0213E-003
6.1397556E-008, -9.1300E-003
6.1397926E-008, -9.2114E-003
6.1398296E-008, -9.3744E-003
6.1398667E-008, -9.3653E-003
6.1399037E-008, -9.4830E-003
6.1399407E-008, -9.5916E-003
6.1399778E-008, -9.6007E-003
6.1400148E-008, -9.7636E-003
6.1400519E-008, -9.8451E-003
6.1400889E-008, -9.9084E-003
6.1401259E-008, -1.00261E-002
6.1401630E-008, -1.00623E-002
6.1402000E-008, -1.01800E-002
6.1402370E-008, -1.02705E-002
6.1402741E-008, -1.03339E-002
6.1403111E-008, -1.04425E-002
6.1403481E-008, -1.05783E-002
6.1403852E-008, -1.06145E-002
6.1404222E-008, -1.07141E-002
6.1404593E-008, -1.08770E-002
6.1404963E-008, -1.09856E-002
6.1405333E-008, -1.09675E-002
6.1405704E-008, -1.12119E-002
6.1406074E-008, -1.12481E-002
6.1406444E-008, -1.13296E-002
6.1406815E-008, -1.14382E-002
6.1407185E-008, -1.14744E-002
6.1407556E-008, -1.16192E-002
6.1407926E-008, -1.17731E-002
6.1408296E-008, -1.18274E-002
6.1408667E-008, -1.19451E-002
6.1409037E-008, -1.19632E-002
6.1409407E-008, -1.20537E-002
6.1409778E-008, -1.22257E-002
6.1410148E-008, -1.22348E-002
6.1410519E-008, -1.24068E-002
6.1410889E-008, -1.24339E-002
6.1411259E-008, -1.26240E-002
6.1411630E-008, -1.26693E-002
6.1412000E-008, -1.27417E-002
6.1412370E-008, -1.29499E-002
6.1412741E-008, -1.30042E-002
6.1413111E-008, -1.30766E-002
6.1413481E-008, -1.31671E-002
6.1413852E-008, -1.32486E-002
6.1414222E-008, -1.34025E-002
6.1414593E-008, -1.34477E-002
6.1414963E-008, -1.35202E-002
6.1415333E-008, -1.36288E-002
6.1415704E-008, -1.37646E-002
6.1416074E-008, -1.38370E-002
6.1416444E-008, -1.39184E-002
6.1416815E-008, -1.39546E-002
6.1417185E-008, -1.40633E-002
6.1417556E-008, -1.41809E-002
6.1417926E-008, -1.43077E-002
6.1418296E-008, -1.44435E-002
6.1418667E-008, -1.44344E-002
6.1419037E-008, -1.45521E-002
6.1419407E-008, -1.46697E-002
6.1419778E-008, -1.47241E-002
6.1420148E-008, -1.47331E-002
6.1420519E-008, -1.49142E-002
6.1420889E-008, -1.49323E-002
6.1421259E-008, -1.50409E-002
6.1421630E-008, -1.51676E-002
6.1422000E-008, -1.51948E-002
6.1422370E-008, -1.53305E-002
6.1422741E-008, -1.53939E-002
6.1423111E-008, -1.55025E-002
6.1423481E-008, -1.55568E-002
6.1423852E-008, -1.56474E-002
6.1424222E-008, -1.57017E-002
6.1424593E-008, -1.58103E-002
6.1424963E-008, -1.58918E-002
6.1425333E-008, -1.59370E-002
6.1425704E-008, -1.60456E-002
6.1426074E-008, -1.60637E-002
6.1426444E-008, -1.61543E-002
6.1426815E-008, -1.62448E-002
6.1427185E-008, -1.63263E-002
6.1427556E-008, -1.63987E-002
6.1427926E-008, -1.64711E-002
6.1428296E-008, -1.65707E-002
6.1428667E-008, -1.66250E-002
6.1429037E-008, -1.66974E-002
6.1429407E-008, -1.67970E-002
6.1429778E-008, -1.68603E-002
6.1430148E-008, -1.69146E-002
6.1430519E-008, -1.69689E-002
6.1430889E-008, -1.70323E-002
6.1431259E-008, -1.70595E-002
6.1431630E-008, -1.71590E-002
6.1432000E-008, -1.72405E-002
6.1432370E-008, -1.72948E-002
6.1432741E-008, -1.73672E-002
6.1433111E-008, -1.74306E-002
6.1433481E-008, -1.74849E-002
6.1433852E-008, -1.75573E-002
6.1434222E-008, -1.75664E-002
6.1434593E-008, -1.77021E-002
6.1434963E-008, -1.77293E-002
6.1435333E-008, -1.77655E-002
6.1435704E-008, -1.78017E-002
6.1436074E-008, -1.79284E-002
6.1436444E-008, -1.79647E-002
6.1436815E-008, -1.79556E-002
6.1437185E-008, -1.80823E-002
6.1437556E-008, -1.80914E-002
6.1437926E-008, -1.81276E-002
6.1438296E-008, -1.82091E-002
6.1438667E-008, -1.82905E-002
6.1439037E-008, -1.83267E-002
6.1439407E-008, -1.83901E-002
6.1439778E-008, -1.84354E-002
6.1440148E-008, -1.85078E-002
6.1440519E-008, -1.85440E-002
6.1440889E-008, -1.85621E-002
6.1441259E-008, -1.85892E-002
6.1441630E-008, -1.86707E-002
6.1442000E-008, -1.87250E-002
6.1442370E-008, -1.87703E-002
6.1442741E-008, -1.87974E-002
6.1443111E-008, -1.88699E-002
6.1443481E-008, -1.88699E-002
6.1443852E-008, -1.89332E-002
6.1444222E-008, -1.89966E-002
6.1444593E-008, -1.90328E-002
6.1444963E-008, -1.90418E-002
6.1445333E-008, -1.90780E-002
6.1445704E-008, -1.91233E-002
6.1446074E-008, -1.91505E-002
6.1446444E-008, -1.92048E-002
6.1446815E-008, -1.92591E-002
6.1447185E-008, -1.92862E-002
6.1447556E-008, -1.93224E-002
6.1447926E-008, -1.93587E-002
6.1448296E-008, -1.93768E-002
6.1448667E-008, -1.94130E-002
6.1449037E-008, -1.94311E-002
6.1449407E-008, -1.94492E-002
6.1449778E-008, -1.95035E-002
6.1450148E-008, -1.95216E-002
6.1450519E-008, -1.95397E-002
6.1450889E-008, -1.95850E-002
6.1451259E-008, -1.96031E-002
6.1451630E-008, -1.96302E-002
6.1452000E-008, -1.96664E-002
6.1452370E-008, -1.96936E-002
6.1452741E-008, -1.97117E-002
6.1453111E-008, -1.97298E-002
6.1453481E-008, -1.97569E-002
6.1453852E-008, -1.98022E-002
6.1454222E-008, -1.98203E-002
6.1454593E-008, -1.98294E-002
6.1454963E-008, -1.98384E-002
6.1455333E-008, -1.98565E-002
6.1455704E-008, -1.98746E-002
6.1456074E-008, -1.99108E-002
6.1456444E-008, -1.99199E-002
6.1456815E-008, -1.99289E-002
6.1457185E-008, -1.99470E-002
6.1457556E-008, -1.99470E-002
6.1457926E-008, -1.99651E-002
6.1458296E-008, -1.99832E-002
6.1458667E-008, -1.99923E-002
6.1459037E-008, -1.99832E-002
6.1459407E-008, -2.00013E-002
6.1459778E-008, -2.00104E-002
6.1460148E-008, -2.00194E-002
6.1460519E-008, -2.00285E-002
6.1460889E-008, -2.00285E-002
6.1461259E-008, -2.00557E-002
6.1461630E-008, -2.00557E-002
6.1462000E-008, -2.00738E-002
6.1462370E-008, -2.00738E-002
6.1462741E-008, -2.00738E-002
6.1463111E-008, -2.00828E-002
6.1463481E-008, -2.00738E-002
6.1463852E-008, -2.00919E-002
6.1464222E-008, -2.00738E-002
6.1464593E-008, -2.00828E-002
6.1464963E-008, -2.00647E-002
6.1465333E-008, -2.00828E-002
6.1465704E-008, -2.00919E-002
6.1466074E-008, -2.00738E-002
6.1466444E-008, -2.00919E-002
6.1466815E-008, -2.00919E-002
6.1467185E-008, -2.00738E-002
6.1467556E-008, -2.00647E-002
6.1467926E-008, -2.00466E-002
6.1468296E-008, -2.00557E-002
6.1468667E-008, -2.00466E-002
6.1469037E-008, -2.00557E-002
6.1469407E-008, -2.00466E-002
6.1469778E-008, -2.00194E-002
6.1470148E-008, -2.00376E-002
6.1470519E-008, -2.00194E-002
6.1470889E-008, -2.00104E-002
6.1471259E-008, -2.00013E-002
6.1471630E-008, -1.99832E-002
6.1472000E-008, -1.99651E-002
6.1472370E-008, -1.99470E-002
6.1472741E-008, -1.99651E-002
6.1473111E-008, -1.99561E-002
6.1473481E-008, -1.99380E-002
6.1473852E-008, -1.99199E-002
6.1474222E-008, -1.99108E-002
6.1474593E-008, -1.98837E-002
6.1474963E-008, -1.99018E-002
6.1475333E-008, -1.98837E-002
6.1475704E-008, -1.98837E-002
6.1476074E-008, -1.98384E-002
6.1476444E-008, -1.98113E-002
6.1476815E-008, -1.98203E-002
6.1477185E-008, -1.97750E-002
6.1477556E-008, -1.97841E-002
6.1477926E-008, -1.97750E-002
6.1478296E-008, -1.97569E-002
6.1478667E-008, -1.97207E-002
6.1479037E-008, -1.97117E-002
6.1479407E-008, -1.96936E-002
6.1479778E-008, -1.96574E-002
6.1480148E-008, -1.96664E-002
6.1480519E-008, -1.96483E-002
6.1480889E-008, -1.96031E-002
6.1481259E-008, -1.95940E-002
6.1481630E-008, -1.95759E-002
6.1482000E-008, -1.95578E-002
6.1482370E-008, -1.95306E-002
6.1482741E-008, -1.95125E-002
6.1483111E-008, -1.95035E-002
6.1483481E-008, -1.94763E-002
6.1483852E-008, -1.94673E-002
6.1484222E-008, -1.94311E-002
6.1484593E-008, -1.93949E-002
6.1484963E-008, -1.93949E-002
6.1485333E-008, -1.93768E-002
6.1485704E-008, -1.93496E-002
6.1486074E-008, -1.93134E-002
6.1486444E-008, -1.93043E-002
6.1486815E-008, -1.92772E-002
6.1487185E-008, -1.92410E-002
6.1487556E-008, -1.92591E-002
6.1487926E-008, -1.92229E-002
6.1488296E-008, -1.91776E-002
6.1488667E-008, -1.91776E-002
6.1489037E-008, -1.91686E-002
6.1489407E-008, -1.91324E-002
6.1489778E-008, -1.91052E-002
6.1490148E-008, -1.90690E-002
6.1490519E-008, -1.90690E-002
6.1490889E-008, -1.90147E-002
6.1491259E-008, -1.90056E-002
6.1491630E-008, -1.89875E-002
6.1492000E-008, -1.89785E-002
6.1492370E-008, -1.89332E-002
6.1492741E-008, -1.89061E-002
6.1493111E-008, -1.88789E-002
6.1493481E-008, -1.88789E-002
6.1493852E-008, -1.88336E-002
6.1494222E-008, -1.88336E-002
6.1494593E-008, -1.88065E-002
6.1494963E-008, -1.87884E-002
6.1495333E-008, -1.87612E-002
6.1495704E-008, -1.87250E-002
6.1496074E-008, -1.87160E-002
6.1496444E-008, -1.87069E-002
6.1496815E-008, -1.86526E-002
6.1497185E-008, -1.86254E-002
6.1497556E-008, -1.86073E-002
6.1497926E-008, -1.85983E-002
6.1498296E-008, -1.85711E-002
6.1498667E-008, -1.85621E-002
6.1499037E-008, -1.85168E-002
6.1499407E-008, -1.85078E-002
6.1499778E-008, -1.84897E-002
6.1500148E-008, -1.84716E-002
6.1500519E-008, -1.84535E-002
6.1500889E-008, -1.84263E-002
6.1501259E-008, -1.83991E-002
6.1501630E-008, -1.84082E-002
6.1502000E-008, -1.83629E-002
6.1502370E-008, -1.83629E-002
6.1502741E-008, -1.83177E-002
6.1503111E-008, -1.82996E-002
6.1503481E-008, -1.82815E-002
6.1503852E-008, -1.82453E-002
6.1504222E-008, -1.82543E-002
6.1504593E-008, -1.82543E-002
6.1504963E-008, -1.81910E-002
6.1505333E-008, -1.82091E-002
6.1505704E-008, -1.81819E-002
6.1506074E-008, -1.81547E-002
6.1506444E-008, -1.81457E-002
6.1506815E-008, -1.81095E-002
6.1507185E-008, -1.81276E-002
6.1507556E-008, -1.81004E-002
6.1507926E-008, -1.80733E-002
6.1508296E-008, -1.80552E-002
6.1508667E-008, -1.80461E-002
6.1509037E-008, -1.80190E-002
6.1509407E-008, -1.80099E-002
6.1509778E-008, -1.80009E-002
6.1510148E-008, -1.79737E-002
6.1510519E-008, -1.79828E-002
6.1510889E-008, -1.79466E-002
6.1511259E-008, -1.79466E-002
6.1511630E-008, -1.79284E-002
6.1512000E-008, -1.79284E-002
6.1512370E-008, -1.79013E-002
6.1512741E-008, -1.79103E-002
6.1513111E-008, -1.78741E-002
6.1513481E-008, -1.78741E-002
6.1513852E-008, -1.78470E-002
6.1514222E-008, -1.78379E-002
6.1514593E-008, -1.78289E-002
6.1514963E-008, -1.78198E-002
6.1515333E-008, -1.78108E-002
6.1515704E-008, -1.78108E-002
6.1516074E-008, -1.78198E-002
6.1516444E-008, -1.78108E-002
6.1516815E-008, -1.77746E-002
6.1517185E-008, -1.77655E-002
6.1517556E-008, -1.77836E-002
6.1517926E-008, -1.77565E-002
6.1518296E-008, -1.77655E-002
6.1518667E-008, -1.77474E-002
6.1519037E-008, -1.77384E-002
6.1519407E-008, -1.77203E-002
6.1519778E-008, -1.77293E-002
6.1520148E-008, -1.77203E-002
6.1520519E-008, -1.77203E-002
6.1520889E-008, -1.77203E-002
6.1521259E-008, -1.77112E-002
6.1521630E-008, -1.77021E-002
6.1522000E-008, -1.77203E-002
6.1522370E-008, -1.77021E-002
6.1522741E-008, -1.77112E-002
6.1523111E-008, -1.77112E-002
6.1523481E-008, -1.76931E-002
6.1523852E-008, -1.76931E-002
6.1524222E-008, -1.76840E-002
6.1524593E-008, -1.76931E-002
6.1524963E-008, -1.76659E-002
6.1525333E-008, -1.76750E-002
6.1525704E-008, -1.76659E-002
6.1526074E-008, -1.76840E-002
6.1526444E-008, -1.76840E-002
6.1526815E-008, -1.76840E-002
6.1527185E-008, -1.76840E-002
6.1527556E-008, -1.76931E-002
6.1527926E-008, -1.76840E-002
6.1528296E-008, -1.76750E-002
6.1528667E-008, -1.76750E-002
6.1529037E-008, -1.76931E-002
6.1529407E-008, -1.77021E-002
6.1529778E-008, -1.76840E-002
6.1530148E-008, -1.77021E-002
6.1530519E-008, -1.77293E-002
6.1530889E-008, -1.77021E-002
6.1531259E-008, -1.77203E-002
6.1531630E-008, -1.77021E-002
6.1532000E-008, -1.77021E-002
6.1532370E-008, -1.77021E-002
6.1532741E-008, -1.77021E-002
6.1533111E-008, -1.77021E-002
6.1533481E-008, -1.77021E-002
6.1533852E-008, -1.77112E-002
6.1534222E-008, -1.77203E-002
6.1534593E-008, -1.77293E-002
6.1534963E-008, -1.77203E-002
6.1535333E-008, -1.77293E-002
6.1535704E-008, -1.77112E-002
6.1536074E-008, -1.77293E-002
6.1536444E-008, -1.77293E-002
6.1536815E-008, -1.77384E-002
6.1537185E-008, -1.77293E-002
6.1537556E-008, -1.77384E-002
6.1537926E-008, -1.77384E-002
6.1538296E-008, -1.77565E-002
6.1538667E-008, -1.77474E-002
6.1539037E-008, -1.77746E-002
6.1539407E-008, -1.77746E-002
6.1539778E-008, -1.77655E-002
6.1540148E-008, -1.77655E-002
6.1540519E-008, -1.77565E-002
6.1540889E-008, -1.77655E-002
6.1541259E-008, -1.77655E-002
6.1541630E-008, -1.77836E-002
6.1542000E-008, -1.77836E-002
6.1542370E-008, -1.77746E-002
6.1542741E-008, -1.77836E-002
6.1543111E-008, -1.77927E-002
6.1543481E-008, -1.77836E-002
6.1543852E-008, -1.78017E-002
6.1544222E-008, -1.78017E-002
6.1544593E-008, -1.77836E-002
6.1544963E-008, -1.77655E-002
6.1545333E-008, -1.77927E-002
6.1545704E-008, -1.77927E-002
6.1546074E-008, -1.77927E-002
6.1546444E-008, -1.77927E-002
6.1546815E-008, -1.77927E-002
6.1547185E-008, -1.78017E-002
6.1547556E-008, -1.78017E-002
6.1547926E-008, -1.77927E-002
6.1548296E-008, -1.77927E-002
6.1548667E-008, -1.78017E-002
6.1549037E-008, -1.77927E-002
6.1549407E-008, -1.77927E-002
6.1549778E-008, -1.77927E-002
6.1550148E-008, -1.78017E-002
6.1550519E-008, -1.78017E-002
6.1550889E-008, -1.78198E-002
6.1551259E-008, -1.77836E-002
6.1551630E-008, -1.78017E-002
6.1552000E-008, -1.77927E-002
6.1552370E-008, -1.78017E-002
6.1552741E-008, -1.77927E-002
6.1553111E-008, -1.77927E-002
6.1553481E-008, -1.77927E-002
6.1553852E-008, -1.77927E-002
6.1554222E-008, -1.77927E-002
6.1554593E-008, -1.77836E-002
6.1554963E-008, -1.77746E-002
6.1555333E-008, -1.77746E-002
6.1555704E-008, -1.77655E-002
6.1556074E-008, -1.77746E-002
6.1556444E-008, -1.77655E-002
6.1556815E-008, -1.77565E-002
6.1557185E-008, -1.77655E-002
6.1557556E-008, -1.77384E-002
6.1557926E-008, -1.77384E-002
6.1558296E-008, -1.77565E-002
6.1558667E-008, -1.77293E-002
6.1559037E-008, -1.77203E-002
6.1559407E-008, -1.77203E-002
6.1559778E-008, -1.77293E-002
6.1560148E-008, -1.77203E-002
6.1560519E-008, -1.77112E-002
6.1560889E-008, -1.77021E-002
6.1561259E-008, -1.76931E-002
6.1561630E-008, -1.76750E-002
6.1562000E-008, -1.76931E-002
6.1562370E-008, -1.76659E-002
6.1562741E-008, -1.76659E-002
6.1563111E-008, -1.76840E-002
6.1563481E-008, -1.76569E-002
6.1563852E-008, -1.76388E-002
6.1564222E-008, -1.76388E-002
6.1564593E-008, -1.76297E-002
6.1564963E-008, -1.76207E-002
6.1565333E-008, -1.76207E-002
6.1565704E-008, -1.76026E-002
6.1566074E-008, -1.75845E-002
6.1566444E-008, -1.75754E-002
6.1566815E-008, -1.75664E-002
6.1567185E-008, -1.75754E-002
6.1567556E-008, -1.75573E-002
6.1567926E-008, -1.75573E-002
6.1568296E-008, -1.75302E-002
6.1568667E-008, -1.75030E-002
6.1569037E-008, -1.75030E-002
6.1569407E-008, -1.74849E-002
6.1569778E-008, -1.74759E-002
6.1570148E-008, -1.74940E-002
6.1570519E-008, -1.74577E-002
6.1570889E-008, -1.74577E-002
6.1571259E-008, -1.74487E-002
6.1571630E-008, -1.74306E-002
6.1572000E-008, -1.74215E-002
6.1572370E-008, -1.74125E-002
6.1572741E-008, -1.74034E-002
6.1573111E-008, -1.73582E-002
6.1573481E-008, -1.73582E-002
6.1573852E-008, -1.73582E-002
6.1574222E-008, -1.73582E-002
6.1574593E-008, -1.73401E-002
6.1574963E-008, -1.73310E-002
6.1575333E-008, -1.73039E-002
6.1575704E-008, -1.72948E-002
6.1576074E-008, -1.72858E-002
6.1576444E-008, -1.72677E-002
6.1576815E-008, -1.72586E-002
6.1577185E-008, -1.72405E-002
6.1577556E-008, -1.72314E-002
6.1577926E-008, -1.72224E-002
6.1578296E-008, -1.72043E-002
6.1578667E-008, -1.71771E-002
6.1579037E-008, -1.71771E-002
6.1579407E-008, -1.71409E-002
6.1579778E-008, -1.71228E-002
6.1580148E-008, -1.71319E-002
6.1580519E-008, -1.71047E-002
6.1580889E-008, -1.70957E-002
6.1581259E-008, -1.70866E-002
6.1581630E-008, -1.70595E-002
6.1582000E-008, -1.70685E-002
6.1582370E-008, -1.70323E-002
6.1582741E-008, -1.70142E-002
6.1583111E-008, -1.70233E-002
6.1583481E-008, -1.69870E-002
6.1583852E-008, -1.69689E-002
6.1584222E-008, -1.69599E-002
6.1584593E-008, -1.69327E-002
6.1584963E-008, -1.69237E-002
6.1585333E-008, -1.69146E-002
6.1585704E-008, -1.69056E-002
6.1586074E-008, -1.68784E-002
6.1586444E-008, -1.68603E-002
6.1586815E-008, -1.68603E-002
6.1587185E-008, -1.68241E-002
6.1587556E-008, -1.68060E-002
6.1587926E-008, -1.67879E-002
6.1588296E-008, -1.67517E-002
6.1588667E-008, -1.67426E-002
6.1589037E-008, -1.67426E-002
6.1589407E-008, -1.67336E-002
6.1589778E-008, -1.67064E-002
6.1590148E-008, -1.67245E-002
6.1590519E-008, -1.66793E-002
6.1590889E-008, -1.66521E-002
6.1591259E-008, -1.66431E-002
6.1591630E-008, -1.66159E-002
6.1592000E-008, -1.66159E-002
6.1592370E-008, -1.66159E-002
6.1592741E-008, -1.65797E-002
6.1593111E-008, -1.65526E-002
6.1593481E-008, -1.65616E-002
6.1593852E-008, -1.65254E-002
6.1594222E-008, -1.65073E-002
6.1594593E-008, -1.64892E-002
6.1594963E-008, -1.64982E-002
6.1595333E-008, -1.64711E-002
6.1595704E-008, -1.64530E-002
6.1596074E-008, -1.64349E-002
6.1596444E-008, -1.63987E-002
6.1596815E-008, -1.63896E-002
6.1597185E-008, -1.63806E-002
6.1597556E-008, -1.63534E-002
6.1597926E-008, -1.63444E-002
6.1598296E-008, -1.63444E-002
6.1598667E-008, -1.62900E-002
6.1599037E-008, -1.62900E-002
6.1599407E-008, -1.62719E-002
6.1599778E-008, -1.62719E-002
6.1600148E-008, -1.62538E-002
6.1600519E-008, -1.62538E-002
6.1600889E-008, -1.61995E-002
6.1601259E-008, -1.61905E-002
6.1601630E-008, -1.61905E-002
6.1602000E-008, -1.61543E-002
6.1602370E-008, -1.61543E-002
6.1602741E-008, -1.61090E-002
6.1603111E-008, -1.61090E-002
6.1603481E-008, -1.60909E-002
6.1603852E-008, -1.60909E-002
6.1604222E-008, -1.60547E-002
6.1604593E-008, -1.60637E-002
6.1604963E-008, -1.60275E-002
6.1605333E-008, -1.60004E-002
6.1605704E-008, -1.60094E-002
6.1606074E-008, -1.59732E-002
6.1606444E-008, -1.59370E-002
6.1606815E-008, -1.59732E-002
6.1607185E-008, -1.59189E-002
6.1607556E-008, -1.59370E-002
6.1607926E-008, -1.59280E-002
6.1608296E-008, -1.58918E-002
6.1608667E-008, -1.58737E-002
6.1609037E-008, -1.58465E-002
6.1609407E-008, -1.58465E-002
6.1609778E-008, -1.58103E-002
6.1610148E-008, -1.58284E-002
6.1610519E-008, -1.57922E-002
6.1610889E-008, -1.57741E-002
6.1611259E-008, -1.57741E-002
6.1611630E-008, -1.57650E-002
6.1612000E-008, -1.57379E-002
6.1612370E-008, -1.57288E-002
6.1612741E-008, -1.57017E-002
6.1613111E-008, -1.56836E-002
6.1613481E-008, -1.56655E-002
6.1613852E-008, -1.56745E-002
6.1614222E-008, -1.56474E-002
6.1614593E-008, -1.56383E-002
6.1614963E-008, -1.56202E-002
6.1615333E-008, -1.56112E-002
6.1615704E-008, -1.56021E-002
6.1616074E-008, -1.55930E-002
6.1616444E-008, -1.55749E-002
6.1616815E-008, -1.55568E-002
6.1617185E-008, -1.55297E-002
6.1617556E-008, -1.55387E-002
6.1617926E-008, -1.55116E-002
6.1618296E-008, -1.55025E-002
6.1618667E-008, -1.54935E-002
6.1619037E-008, -1.54844E-002
6.1619407E-008, -1.54573E-002
6.1619778E-008, -1.54573E-002
6.1620148E-008, -1.54301E-002
6.1620519E-008, -1.54211E-002
6.1620889E-008, -1.54030E-002
6.1621259E-008, -1.53939E-002
6.1621630E-008, -1.53849E-002
