Type:          raw
Points:        1350
Count:         1
XInc:          7.40741E-013
XOrg:          6.0964500000E-008
YData range:   5.74400E-001
YData center:  -9.00000E-002
Coupling:      50 Ohms
XRange:        1.00000E-009
XOffset:       6.0964500000E-008
YRange:        5.70400E-001
YOffset:       -9.00000E-002
Date:          18 NOV 2019
Time:          09:48:39:37
Frame:         86100C:MY45030871
X Units:       second
Y Units:       Volt
XY Data:
6.0964500E-008, -2.576E-003
6.0965241E-008, -2.576E-003
6.0965981E-008, -1.925E-003
6.0966722E-008, -2.576E-003
6.0967463E-008, -2.413E-003
6.0968204E-008, -2.576E-003
6.0968944E-008, -2.250E-003
6.0969685E-008, -2.413E-003
6.0970426E-008, -2.739E-003
6.0971167E-008, -2.739E-003
6.0971907E-008, -2.576E-003
6.0972648E-008, -2.902E-003
6.0973389E-008, -2.739E-003
6.0974130E-008, -2.576E-003
6.0974870E-008, -2.576E-003
6.0975611E-008, -2.088E-003
6.0976352E-008, -2.413E-003
6.0977093E-008, -2.413E-003
6.0977833E-008, -2.576E-003
6.0978574E-008, -2.739E-003
6.0979315E-008, -2.413E-003
6.0980056E-008, -2.413E-003
6.0980796E-008, -2.413E-003
6.0981537E-008, -2.576E-003
6.0982278E-008, -2.413E-003
6.0983019E-008, -2.576E-003
6.0983759E-008, -2.739E-003
6.0984500E-008, -2.088E-003
6.0985241E-008, -2.088E-003
6.0985981E-008, -2.576E-003
6.0986722E-008, -2.576E-003
6.0987463E-008, -2.413E-003
6.0988204E-008, -2.250E-003
6.0988944E-008, -2.576E-003
6.0989685E-008, -2.902E-003
6.0990426E-008, -2.576E-003
6.0991167E-008, -2.250E-003
6.0991907E-008, -2.413E-003
6.0992648E-008, -2.413E-003
6.0993389E-008, -2.739E-003
6.0994130E-008, -2.902E-003
6.0994870E-008, -3.065E-003
6.0995611E-008, -2.088E-003
6.0996352E-008, -2.576E-003
6.0997093E-008, -2.413E-003
6.0997833E-008, -2.413E-003
6.0998574E-008, -2.739E-003
6.0999315E-008, -2.576E-003
6.1000056E-008, -2.902E-003
6.1000796E-008, -2.250E-003
6.1001537E-008, -2.739E-003
6.1002278E-008, -2.576E-003
6.1003019E-008, -2.250E-003
6.1003759E-008, -2.739E-003
6.1004500E-008, -2.413E-003
6.1005241E-008, -2.250E-003
6.1005981E-008, -2.739E-003
6.1006722E-008, -2.576E-003
6.1007463E-008, -1.925E-003
6.1008204E-008, -2.739E-003
6.1008944E-008, -2.576E-003
6.1009685E-008, -2.413E-003
6.1010426E-008, -2.576E-003
6.1011167E-008, -2.413E-003
6.1011907E-008, -2.088E-003
6.1012648E-008, -2.576E-003
6.1013389E-008, -2.413E-003
6.1014130E-008, -2.576E-003
6.1014870E-008, -2.576E-003
6.1015611E-008, -2.413E-003
6.1016352E-008, -2.088E-003
6.1017093E-008, -2.250E-003
6.1017833E-008, -2.250E-003
6.1018574E-008, -2.088E-003
6.1019315E-008, -2.576E-003
6.1020056E-008, -2.413E-003
6.1020796E-008, -2.576E-003
6.1021537E-008, -2.250E-003
6.1022278E-008, -2.739E-003
6.1023019E-008, -2.739E-003
6.1023759E-008, -2.576E-003
6.1024500E-008, -2.576E-003
6.1025241E-008, -2.576E-003
6.1025981E-008, -2.250E-003
6.1026722E-008, -2.739E-003
6.1027463E-008, -2.088E-003
6.1028204E-008, -2.576E-003
6.1028944E-008, -2.576E-003
6.1029685E-008, -2.739E-003
6.1030426E-008, -2.413E-003
6.1031167E-008, -2.739E-003
6.1031907E-008, -2.088E-003
6.1032648E-008, -2.413E-003
6.1033389E-008, -2.250E-003
6.1034130E-008, -2.413E-003
6.1034870E-008, -2.739E-003
6.1035611E-008, -2.576E-003
6.1036352E-008, -2.739E-003
6.1037093E-008, -2.413E-003
6.1037833E-008, -2.413E-003
6.1038574E-008, -2.250E-003
6.1039315E-008, -2.576E-003
6.1040056E-008, -2.250E-003
6.1040796E-008, -2.576E-003
6.1041537E-008, -2.576E-003
6.1042278E-008, -2.576E-003
6.1043019E-008, -2.250E-003
6.1043759E-008, -2.576E-003
6.1044500E-008, -2.576E-003
6.1045241E-008, -2.413E-003
6.1045981E-008, -2.576E-003
6.1046722E-008, -3.228E-003
6.1047463E-008, -2.250E-003
6.1048204E-008, -2.413E-003
6.1048944E-008, -2.576E-003
6.1049685E-008, -2.088E-003
6.1050426E-008, -2.413E-003
6.1051167E-008, -2.576E-003
6.1051907E-008, -2.576E-003
6.1052648E-008, -2.739E-003
6.1053389E-008, -2.250E-003
6.1054130E-008, -2.250E-003
6.1054870E-008, -2.576E-003
6.1055611E-008, -2.250E-003
6.1056352E-008, -2.250E-003
6.1057093E-008, -2.088E-003
6.1057833E-008, -2.413E-003
6.1058574E-008, -2.739E-003
6.1059315E-008, -2.413E-003
6.1060056E-008, -2.739E-003
6.1060796E-008, -2.739E-003
6.1061537E-008, -2.413E-003
6.1062278E-008, -2.902E-003
6.1063019E-008, -2.088E-003
6.1063759E-008, -2.250E-003
6.1064500E-008, -2.250E-003
6.1065241E-008, -2.250E-003
6.1065981E-008, -2.413E-003
6.1066722E-008, -2.250E-003
6.1067463E-008, -2.576E-003
6.1068204E-008, -2.902E-003
6.1068944E-008, -2.413E-003
6.1069685E-008, -2.739E-003
6.1070426E-008, -2.413E-003
6.1071167E-008, -2.576E-003
6.1071907E-008, -2.413E-003
6.1072648E-008, -2.739E-003
6.1073389E-008, -2.576E-003
6.1074130E-008, -2.413E-003
6.1074870E-008, -2.413E-003
6.1075611E-008, -2.413E-003
6.1076352E-008, -2.576E-003
6.1077093E-008, -2.413E-003
6.1077833E-008, -2.739E-003
6.1078574E-008, -2.413E-003
6.1079315E-008, -2.576E-003
6.1080056E-008, -2.413E-003
6.1080796E-008, -2.739E-003
6.1081537E-008, -2.413E-003
6.1082278E-008, -2.576E-003
6.1083019E-008, -2.739E-003
6.1083759E-008, -2.576E-003
6.1084500E-008, -2.413E-003
6.1085241E-008, -2.902E-003
6.1085981E-008, -2.413E-003
6.1086722E-008, -2.413E-003
6.1087463E-008, -2.250E-003
6.1088204E-008, -2.902E-003
6.1088944E-008, -2.576E-003
6.1089685E-008, -2.902E-003
6.1090426E-008, -2.576E-003
6.1091167E-008, -2.576E-003
6.1091907E-008, -2.576E-003
6.1092648E-008, -2.250E-003
6.1093389E-008, -2.576E-003
6.1094130E-008, -2.413E-003
6.1094870E-008, -1.925E-003
6.1095611E-008, -2.739E-003
6.1096352E-008, -2.902E-003
6.1097093E-008, -2.250E-003
6.1097833E-008, -2.413E-003
6.1098574E-008, -2.413E-003
6.1099315E-008, -2.739E-003
6.1100056E-008, -2.576E-003
6.1100796E-008, -2.576E-003
6.1101537E-008, -2.413E-003
6.1102278E-008, -2.413E-003
6.1103019E-008, -2.413E-003
6.1103759E-008, -2.413E-003
6.1104500E-008, -2.413E-003
6.1105241E-008, -2.576E-003
6.1105981E-008, -2.250E-003
6.1106722E-008, -2.576E-003
6.1107463E-008, -2.576E-003
6.1108204E-008, -2.902E-003
6.1108944E-008, -2.576E-003
6.1109685E-008, -2.902E-003
6.1110426E-008, -1.925E-003
6.1111167E-008, -2.902E-003
6.1111907E-008, -2.413E-003
6.1112648E-008, -2.413E-003
6.1113389E-008, -2.576E-003
6.1114130E-008, -2.739E-003
6.1114870E-008, -2.088E-003
6.1115611E-008, -2.413E-003
6.1116352E-008, -2.088E-003
6.1117093E-008, -2.902E-003
6.1117833E-008, -2.088E-003
6.1118574E-008, -2.739E-003
6.1119315E-008, -2.739E-003
6.1120056E-008, -2.250E-003
6.1120796E-008, -2.250E-003
6.1121537E-008, -2.413E-003
6.1122278E-008, -2.413E-003
6.1123019E-008, -2.739E-003
6.1123759E-008, -2.576E-003
6.1124500E-008, -2.413E-003
6.1125241E-008, -2.576E-003
6.1125981E-008, -2.576E-003
6.1126722E-008, -2.739E-003
6.1127463E-008, -2.250E-003
6.1128204E-008, -2.739E-003
6.1128944E-008, -2.250E-003
6.1129685E-008, -2.250E-003
6.1130426E-008, -2.413E-003
6.1131167E-008, -2.902E-003
6.1131907E-008, -2.576E-003
6.1132648E-008, -2.413E-003
6.1133389E-008, -2.739E-003
6.1134130E-008, -2.413E-003
6.1134870E-008, -2.902E-003
6.1135611E-008, -2.739E-003
6.1136352E-008, -3.065E-003
6.1137093E-008, -2.902E-003
6.1137833E-008, -2.413E-003
6.1138574E-008, -2.739E-003
6.1139315E-008, -2.576E-003
6.1140056E-008, -2.576E-003
6.1140796E-008, -2.576E-003
6.1141537E-008, -2.576E-003
6.1142278E-008, -2.739E-003
6.1143019E-008, -2.902E-003
6.1143759E-008, -2.902E-003
6.1144500E-008, -2.739E-003
6.1145241E-008, -2.902E-003
6.1145981E-008, -2.576E-003
6.1146722E-008, -2.250E-003
6.1147463E-008, -2.250E-003
6.1148204E-008, -2.250E-003
6.1148944E-008, -2.576E-003
6.1149685E-008, -2.576E-003
6.1150426E-008, -2.739E-003
6.1151167E-008, -2.576E-003
6.1151907E-008, -2.413E-003
6.1152648E-008, -3.065E-003
6.1153389E-008, -2.902E-003
6.1154130E-008, -2.413E-003
6.1154870E-008, -2.250E-003
6.1155611E-008, -2.088E-003
6.1156352E-008, -2.413E-003
6.1157093E-008, -2.739E-003
6.1157833E-008, -2.250E-003
6.1158574E-008, -2.902E-003
6.1159315E-008, -2.576E-003
6.1160056E-008, -2.576E-003
6.1160796E-008, -3.228E-003
6.1161537E-008, -2.413E-003
6.1162278E-008, -2.250E-003
6.1163019E-008, -2.739E-003
6.1163759E-008, -2.576E-003
6.1164500E-008, -2.576E-003
6.1165241E-008, -2.088E-003
6.1165981E-008, -2.739E-003
6.1166722E-008, -2.576E-003
6.1167463E-008, -2.739E-003
6.1168204E-008, -2.413E-003
6.1168944E-008, -2.576E-003
6.1169685E-008, -2.902E-003
6.1170426E-008, -2.576E-003
6.1171167E-008, -2.576E-003
6.1171907E-008, -2.739E-003
6.1172648E-008, -2.739E-003
6.1173389E-008, -2.576E-003
6.1174130E-008, -2.902E-003
6.1174870E-008, -2.413E-003
6.1175611E-008, -2.576E-003
6.1176352E-008, -2.413E-003
6.1177093E-008, -2.739E-003
6.1177833E-008, -2.250E-003
6.1178574E-008, -3.065E-003
6.1179315E-008, -2.413E-003
6.1180056E-008, -2.739E-003
6.1180796E-008, -2.576E-003
6.1181537E-008, -2.576E-003
6.1182278E-008, -2.739E-003
6.1183019E-008, -2.413E-003
6.1183759E-008, -2.576E-003
6.1184500E-008, -2.739E-003
6.1185241E-008, -2.739E-003
6.1185981E-008, -2.576E-003
6.1186722E-008, -2.902E-003
6.1187463E-008, -3.391E-003
6.1188204E-008, -2.739E-003
6.1188944E-008, -2.739E-003
6.1189685E-008, -2.576E-003
6.1190426E-008, -3.065E-003
6.1191167E-008, -2.902E-003
6.1191907E-008, -2.576E-003
6.1192648E-008, -2.576E-003
6.1193389E-008, -2.739E-003
6.1194130E-008, -2.576E-003
6.1194870E-008, -2.576E-003
6.1195611E-008, -2.088E-003
6.1196352E-008, -2.739E-003
6.1197093E-008, -2.739E-003
6.1197833E-008, -2.902E-003
6.1198574E-008, -2.250E-003
6.1199315E-008, -2.902E-003
6.1200056E-008, -2.739E-003
6.1200796E-008, -2.739E-003
6.1201537E-008, -2.413E-003
6.1202278E-008, -2.739E-003
6.1203019E-008, -2.576E-003
6.1203759E-008, -2.413E-003
6.1204500E-008, -2.902E-003
6.1205241E-008, -2.902E-003
6.1205981E-008, -2.413E-003
6.1206722E-008, -2.739E-003
6.1207463E-008, -2.739E-003
6.1208204E-008, -2.250E-003
6.1208944E-008, -2.739E-003
6.1209685E-008, -2.902E-003
6.1210426E-008, -2.739E-003
6.1211167E-008, -2.413E-003
6.1211907E-008, -2.576E-003
6.1212648E-008, -2.739E-003
6.1213389E-008, -2.902E-003
6.1214130E-008, -3.228E-003
6.1214870E-008, -3.065E-003
6.1215611E-008, -2.739E-003
6.1216352E-008, -2.902E-003
6.1217093E-008, -2.413E-003
6.1217833E-008, -3.065E-003
6.1218574E-008, -2.739E-003
6.1219315E-008, -2.902E-003
6.1220056E-008, -2.576E-003
6.1220796E-008, -2.902E-003
6.1221537E-008, -2.739E-003
6.1222278E-008, -2.413E-003
6.1223019E-008, -2.902E-003
6.1223759E-008, -3.065E-003
6.1224500E-008, -2.413E-003
6.1225241E-008, -2.413E-003
6.1225981E-008, -2.902E-003
6.1226722E-008, -2.413E-003
6.1227463E-008, -2.739E-003
6.1228204E-008, -3.065E-003
6.1228944E-008, -3.065E-003
6.1229685E-008, -3.065E-003
6.1230426E-008, -3.065E-003
6.1231167E-008, -3.065E-003
6.1231907E-008, -2.739E-003
6.1232648E-008, -3.228E-003
6.1233389E-008, -2.739E-003
6.1234130E-008, -2.576E-003
6.1234870E-008, -2.902E-003
6.1235611E-008, -2.739E-003
6.1236352E-008, -3.228E-003
6.1237093E-008, -2.739E-003
6.1237833E-008, -2.902E-003
6.1238574E-008, -2.576E-003
6.1239315E-008, -3.228E-003
6.1240056E-008, -2.902E-003
6.1240796E-008, -2.902E-003
6.1241537E-008, -2.413E-003
6.1242278E-008, -2.739E-003
6.1243019E-008, -2.576E-003
6.1243759E-008, -2.576E-003
6.1244500E-008, -3.065E-003
6.1245241E-008, -2.739E-003
6.1245981E-008, -2.576E-003
6.1246722E-008, -2.413E-003
6.1247463E-008, -2.739E-003
6.1248204E-008, -2.576E-003
6.1248944E-008, -2.902E-003
6.1249685E-008, -2.250E-003
6.1250426E-008, -2.250E-003
6.1251167E-008, -2.250E-003
6.1251907E-008, -2.739E-003
6.1252648E-008, -2.902E-003
6.1253389E-008, -2.413E-003
6.1254130E-008, -2.739E-003
6.1254870E-008, -2.902E-003
6.1255611E-008, -2.739E-003
6.1256352E-008, -2.413E-003
6.1257093E-008, -2.739E-003
6.1257833E-008, -2.902E-003
6.1258574E-008, -2.739E-003
6.1259315E-008, -2.413E-003
6.1260056E-008, -2.739E-003
6.1260796E-008, -2.902E-003
6.1261537E-008, -2.413E-003
6.1262278E-008, -3.065E-003
6.1263019E-008, -2.739E-003
6.1263759E-008, -2.576E-003
6.1264500E-008, -2.739E-003
6.1265241E-008, -2.576E-003
6.1265981E-008, -2.902E-003
6.1266722E-008, -2.250E-003
6.1267463E-008, -2.413E-003
6.1268204E-008, -2.413E-003
6.1268944E-008, -2.576E-003
6.1269685E-008, -2.739E-003
6.1270426E-008, -2.576E-003
6.1271167E-008, -2.576E-003
6.1271907E-008, -2.902E-003
6.1272648E-008, -2.739E-003
6.1273389E-008, -2.739E-003
6.1274130E-008, -2.739E-003
6.1274870E-008, -2.250E-003
6.1275611E-008, -2.739E-003
6.1276352E-008, -2.250E-003
6.1277093E-008, -2.088E-003
6.1277833E-008, -2.739E-003
6.1278574E-008, -2.576E-003
6.1279315E-008, -2.739E-003
6.1280056E-008, -2.250E-003
6.1280796E-008, -2.413E-003
6.1281537E-008, -2.413E-003
6.1282278E-008, -2.739E-003
6.1283019E-008, -2.413E-003
6.1283759E-008, -2.088E-003
6.1284500E-008, -2.739E-003
6.1285241E-008, -2.902E-003
6.1285981E-008, -2.739E-003
6.1286722E-008, -3.065E-003
6.1287463E-008, -2.576E-003
6.1288204E-008, -2.902E-003
6.1288944E-008, -2.739E-003
6.1289685E-008, -2.739E-003
6.1290426E-008, -2.088E-003
6.1291167E-008, -2.250E-003
6.1291907E-008, -2.576E-003
6.1292648E-008, -2.739E-003
6.1293389E-008, -2.413E-003
6.1294130E-008, -2.088E-003
6.1294870E-008, -2.413E-003
6.1295611E-008, -2.088E-003
6.1296352E-008, -2.739E-003
6.1297093E-008, -2.413E-003
6.1297833E-008, -2.413E-003
6.1298574E-008, -2.413E-003
6.1299315E-008, -2.413E-003
6.1300056E-008, -2.250E-003
6.1300796E-008, -2.739E-003
6.1301537E-008, -2.250E-003
6.1302278E-008, -2.250E-003
6.1303019E-008, -2.413E-003
6.1303759E-008, -2.576E-003
6.1304500E-008, -2.739E-003
6.1305241E-008, -2.576E-003
6.1305981E-008, -2.250E-003
6.1306722E-008, -2.576E-003
6.1307463E-008, -1.925E-003
6.1308204E-008, -2.250E-003
6.1308944E-008, -2.413E-003
6.1309685E-008, -2.088E-003
6.1310426E-008, -2.413E-003
6.1311167E-008, -2.088E-003
6.1311907E-008, -1.925E-003
6.1312648E-008, -2.250E-003
6.1313389E-008, -2.250E-003
6.1314130E-008, -2.088E-003
6.1314870E-008, -2.413E-003
6.1315611E-008, -2.088E-003
6.1316352E-008, -1.925E-003
6.1317093E-008, -1.925E-003
6.1317833E-008, -2.576E-003
6.1318574E-008, -2.088E-003
6.1319315E-008, -2.413E-003
6.1320056E-008, -1.762E-003
6.1320796E-008, -2.576E-003
6.1321537E-008, -2.413E-003
6.1322278E-008, -2.088E-003
6.1323019E-008, -1.925E-003
6.1323759E-008, -1.599E-003
6.1324500E-008, -2.250E-003
6.1325241E-008, -1.436E-003
6.1325981E-008, -2.576E-003
6.1326722E-008, -1.925E-003
6.1327463E-008, -1.925E-003
6.1328204E-008, -1.762E-003
6.1328944E-008, -2.088E-003
6.1329685E-008, -2.088E-003
6.1330426E-008, -1.762E-003
6.1331167E-008, -2.250E-003
6.1331907E-008, -1.925E-003
6.1332648E-008, -2.088E-003
6.1333389E-008, -2.250E-003
6.1334130E-008, -2.739E-003
6.1334870E-008, -2.250E-003
6.1335611E-008, -2.413E-003
6.1336352E-008, -2.250E-003
6.1337093E-008, -2.250E-003
6.1337833E-008, -1.762E-003
6.1338574E-008, -1.925E-003
6.1339315E-008, -2.413E-003
6.1340056E-008, -2.088E-003
6.1340796E-008, -3.065E-003
6.1341537E-008, -2.088E-003
6.1342278E-008, -2.250E-003
6.1343019E-008, -2.413E-003
6.1343759E-008, -2.088E-003
6.1344500E-008, -2.413E-003
6.1345241E-008, -2.902E-003
6.1345981E-008, -2.088E-003
6.1346722E-008, -2.088E-003
6.1347463E-008, -2.902E-003
6.1348204E-008, -2.576E-003
6.1348944E-008, -3.391E-003
6.1349685E-008, -3.065E-003
6.1350426E-008, -4.224E-003
6.1351167E-008, -3.228E-003
6.1351907E-008, -3.065E-003
6.1352648E-008, -3.572E-003
6.1353389E-008, -4.387E-003
6.1354130E-008, -4.387E-003
6.1354870E-008, -4.061E-003
6.1355611E-008, -2.902E-003
6.1356352E-008, -5.382E-003
6.1357093E-008, -3.391E-003
6.1357833E-008, -3.898E-003
6.1358574E-008, -3.735E-003
6.1359315E-008, -5.545E-003
6.1360056E-008, -4.550E-003
6.1360796E-008, -5.871E-003
6.1361537E-008, -6.197E-003
6.1362278E-008, -5.545E-003
6.1363019E-008, -5.220E-003
6.1363759E-008, -6.197E-003
6.1364500E-008, -7.682E-003
6.1365241E-008, -7.519E-003
6.1365981E-008, -7.682E-003
6.1366722E-008, -8.351E-003
6.1367463E-008, -7.682E-003
6.1368204E-008, -7.682E-003
6.1368944E-008, -8.840E-003
6.1369685E-008, -1.1321E-002
6.1370426E-008, -1.0325E-002
6.1371167E-008, -8.026E-003
6.1371907E-008, -8.351E-003
6.1372648E-008, -8.351E-003
6.1373389E-008, -1.2479E-002
6.1374130E-008, -1.0488E-002
6.1374870E-008, -1.0814E-002
6.1375611E-008, -9.836E-003
6.1376352E-008, -1.2805E-002
6.1377093E-008, -1.3131E-002
6.1377833E-008, -1.2805E-002
6.1378574E-008, -1.3294E-002
6.1379315E-008, -1.1321E-002
6.1380056E-008, -1.4615E-002
6.1380796E-008, -1.5104E-002
6.1381537E-008, -1.3620E-002
6.1382278E-008, -1.5774E-002
6.1383019E-008, -1.5937E-002
6.1383759E-008, -1.3457E-002
6.1384500E-008, -1.6589E-002
6.1385241E-008, -1.7422E-002
6.1385981E-008, -1.5611E-002
6.1386722E-008, -1.8743E-002
6.1387463E-008, -1.4127E-002
6.1388204E-008, -1.7584E-002
6.1388944E-008, -1.8580E-002
6.1389685E-008, -1.5937E-002
6.1390426E-008, -2.2382E-002
6.1391167E-008, -2.6021E-002
6.1391907E-008, -2.3034E-002
6.1392648E-008, -3.0004E-002
6.1393389E-008, -2.3541E-002
6.1394130E-008, -2.6691E-002
6.1394870E-008, -2.5858E-002
6.1395611E-008, -3.0493E-002
6.1396352E-008, -2.4699E-002
6.1397093E-008, -2.3034E-002
6.1397833E-008, -2.9497E-002
6.1398574E-008, -3.0167E-002
6.1399315E-008, -2.6184E-002
6.1400056E-008, -3.1651E-002
6.1400796E-008, -3.1162E-002
6.1401537E-008, -3.0818E-002
6.1402278E-008, -3.1814E-002
6.1403019E-008, -4.1246E-002
6.1403759E-008, -3.6449E-002
6.1404500E-008, -3.1488E-002
6.1405241E-008, -3.1814E-002
6.1405981E-008, -3.2484E-002
6.1406722E-008, -4.2894E-002
6.1407463E-008, -3.5616E-002
6.1408204E-008, -3.3968E-002
6.1408944E-008, -3.6612E-002
6.1409685E-008, -4.1916E-002
6.1410426E-008, -4.0088E-002
6.1411167E-008, -4.6696E-002
6.1411907E-008, -4.2079E-002
6.1412648E-008, -4.3726E-002
6.1413389E-008, -4.8687E-002
6.1414130E-008, -5.4154E-002
6.1414870E-008, -5.1330E-002
6.1415611E-008, -5.7449E-002
6.1416352E-008, -5.3484E-002
6.1417093E-008, -5.2163E-002
6.1417833E-008, -5.2996E-002
6.1418574E-008, -5.3484E-002
6.1419315E-008, -6.1595E-002
6.1420056E-008, -6.5234E-002
6.1420796E-008, -7.2150E-002
6.1421537E-008, -5.2000E-002
6.1422278E-008, -5.3810E-002
6.1423019E-008, -6.4401E-002
6.1423759E-008, -6.3568E-002
6.1424500E-008, -6.2084E-002
6.1425241E-008, -6.2410E-002
6.1425981E-008, -7.6911E-002
6.1426722E-008, -7.8721E-002
6.1427463E-008, -6.5234E-002
6.1428204E-008, -7.6422E-002
6.1428944E-008, -8.2505E-002
6.1429685E-008, -7.8070E-002
6.1430426E-008, -7.3290E-002
6.1431167E-008, -7.2313E-002
6.1431907E-008, -7.5589E-002
6.1432648E-008, -9.1485E-002
6.1433389E-008, -8.4623E-002
6.1434130E-008, -7.9210E-002
6.1434870E-008, -8.7230E-002
6.1435611E-008, -8.3646E-002
6.1436352E-008, -7.9554E-002
6.1437093E-008, -8.7882E-002
6.1437833E-008, -8.6578E-002
6.1438574E-008, -9.8346E-002
6.1439315E-008, -9.7042E-002
6.1440056E-008, -9.3277E-002
6.1440796E-008, -9.7857E-002
6.1441537E-008, -1.08882E-001
6.1442278E-008, -1.00120E-001
6.1443019E-008, -1.02890E-001
6.1443759E-008, -9.8346E-002
6.1444500E-008, -1.00772E-001
6.1445241E-008, -9.8509E-002
6.1445981E-008, -1.15834E-001
6.1446722E-008, -1.05968E-001
6.1447463E-008, -1.16160E-001
6.1448204E-008, -1.05479E-001
6.1448944E-008, -1.14060E-001
6.1449685E-008, -1.12938E-001
6.1450426E-008, -1.16794E-001
6.1451167E-008, -1.16794E-001
6.1451907E-008, -1.19853E-001
6.1452648E-008, -1.21465E-001
6.1453389E-008, -1.24361E-001
6.1454130E-008, -1.16160E-001
6.1454870E-008, -1.24687E-001
6.1455611E-008, -1.24053E-001
6.1456352E-008, -1.17934E-001
6.1457093E-008, -1.33992E-001
6.1457833E-008, -1.30951E-001
6.1458574E-008, -1.23076E-001
6.1459315E-008, -1.25809E-001
6.1460056E-008, -1.36382E-001
6.1460796E-008, -1.33341E-001
6.1461537E-008, -1.41813E-001
6.1462278E-008, -1.34300E-001
6.1463019E-008, -1.36545E-001
6.1463759E-008, -1.39261E-001
6.1464500E-008, -1.35893E-001
6.1465241E-008, -1.41487E-001
6.1465981E-008, -1.39406E-001
6.1466722E-008, -1.43244E-001
6.1467463E-008, -1.39568E-001
6.1468204E-008, -1.48638E-001
6.1468944E-008, -1.55283E-001
6.1469685E-008, -1.38772E-001
6.1470426E-008, -1.48005E-001
6.1471167E-008, -1.46738E-001
6.1471907E-008, -1.48168E-001
6.1472648E-008, -1.54178E-001
6.1473389E-008, -1.49743E-001
6.1474130E-008, -1.51644E-001
6.1474870E-008, -1.51644E-001
6.1475611E-008, -1.49580E-001
6.1476352E-008, -1.55916E-001
6.1477093E-008, -1.54486E-001
6.1477833E-008, -1.58759E-001
6.1478574E-008, -1.59555E-001
6.1479315E-008, -1.60497E-001
6.1480056E-008, -1.54649E-001
6.1480796E-008, -1.61293E-001
6.1481537E-008, -1.60967E-001
6.1482278E-008, -1.62379E-001
6.1483019E-008, -1.60189E-001
6.1483759E-008, -1.60026E-001
6.1484500E-008, -1.63810E-001
6.1485241E-008, -1.62235E-001
6.1485981E-008, -1.55446E-001
6.1486722E-008, -1.57328E-001
6.1487463E-008, -1.63321E-001
6.1488204E-008, -1.64280E-001
6.1488944E-008, -1.65692E-001
6.1489685E-008, -1.64751E-001
6.1490426E-008, -1.63810E-001
6.1491167E-008, -1.67267E-001
6.1491907E-008, -1.66308E-001
6.1492648E-008, -1.64588E-001
6.1493389E-008, -1.68679E-001
6.1494130E-008, -1.69621E-001
6.1494870E-008, -1.66634E-001
6.1495611E-008, -1.70870E-001
6.1496352E-008, -1.70870E-001
6.1497093E-008, -1.69929E-001
6.1497833E-008, -1.71811E-001
6.1498574E-008, -1.68679E-001
6.1499315E-008, -1.70399E-001
6.1500056E-008, -1.68209E-001
6.1500796E-008, -1.71341E-001
6.1501537E-008, -1.72282E-001
6.1502278E-008, -1.72137E-001
6.1503019E-008, -1.71341E-001
6.1503759E-008, -1.71974E-001
6.1504500E-008, -1.73224E-001
6.1505241E-008, -1.73386E-001
6.1505981E-008, -1.73857E-001
6.1506722E-008, -1.72445E-001
6.1507463E-008, -1.73224E-001
6.1508204E-008, -1.72753E-001
6.1508944E-008, -1.73079E-001
6.1509685E-008, -1.74183E-001
6.1510426E-008, -1.74328E-001
6.1511167E-008, -1.73712E-001
6.1511907E-008, -1.74654E-001
6.1512648E-008, -1.74328E-001
6.1513389E-008, -1.73549E-001
6.1514130E-008, -1.75124E-001
6.1514870E-008, -1.75124E-001
6.1515611E-008, -1.74183E-001
6.1516352E-008, -1.75269E-001
6.1517093E-008, -1.75432E-001
6.1517833E-008, -1.74491E-001
6.1518574E-008, -1.74962E-001
6.1519315E-008, -1.76374E-001
6.1520056E-008, -1.75595E-001
6.1520796E-008, -1.75124E-001
6.1521537E-008, -1.75432E-001
6.1522278E-008, -1.76211E-001
6.1523019E-008, -1.76066E-001
6.1523759E-008, -1.75269E-001
6.1524500E-008, -1.75595E-001
6.1525241E-008, -1.76066E-001
6.1525981E-008, -1.75903E-001
6.1526722E-008, -1.75740E-001
6.1527463E-008, -1.76211E-001
6.1528204E-008, -1.76066E-001
6.1528944E-008, -1.76537E-001
6.1529685E-008, -1.76700E-001
6.1530426E-008, -1.75740E-001
6.1531167E-008, -1.76066E-001
6.1531907E-008, -1.76537E-001
6.1532648E-008, -1.76537E-001
6.1533389E-008, -1.76066E-001
6.1534130E-008, -1.75903E-001
6.1534870E-008, -1.76374E-001
6.1535611E-008, -1.75903E-001
6.1536352E-008, -1.76211E-001
6.1537093E-008, -1.76374E-001
6.1537833E-008, -1.76700E-001
6.1538574E-008, -1.76374E-001
6.1539315E-008, -1.76374E-001
6.1540056E-008, -1.76211E-001
6.1540796E-008, -1.76374E-001
6.1541537E-008, -1.76066E-001
6.1542278E-008, -1.76211E-001
6.1543019E-008, -1.75903E-001
6.1543759E-008, -1.75903E-001
6.1544500E-008, -1.76211E-001
6.1545241E-008, -1.75903E-001
6.1545981E-008, -1.75740E-001
6.1546722E-008, -1.76211E-001
6.1547463E-008, -1.75903E-001
6.1548204E-008, -1.75740E-001
6.1548944E-008, -1.76066E-001
6.1549685E-008, -1.75595E-001
6.1550426E-008, -1.75903E-001
6.1551167E-008, -1.76066E-001
6.1551907E-008, -1.76066E-001
6.1552648E-008, -1.75740E-001
6.1553389E-008, -1.75432E-001
6.1554130E-008, -1.75903E-001
6.1554870E-008, -1.75903E-001
6.1555611E-008, -1.76211E-001
6.1556352E-008, -1.75595E-001
6.1557093E-008, -1.76374E-001
6.1557833E-008, -1.76066E-001
6.1558574E-008, -1.75903E-001
6.1559315E-008, -1.76211E-001
6.1560056E-008, -1.75595E-001
6.1560796E-008, -1.75740E-001
6.1561537E-008, -1.76211E-001
6.1562278E-008, -1.76211E-001
6.1563019E-008, -1.76066E-001
6.1563759E-008, -1.76374E-001
6.1564500E-008, -1.76066E-001
6.1565241E-008, -1.75903E-001
6.1565981E-008, -1.75740E-001
6.1566722E-008, -1.75740E-001
6.1567463E-008, -1.75903E-001
6.1568204E-008, -1.75595E-001
6.1568944E-008, -1.75903E-001
6.1569685E-008, -1.76211E-001
6.1570426E-008, -1.76700E-001
6.1571167E-008, -1.75903E-001
6.1571907E-008, -1.75903E-001
6.1572648E-008, -1.76211E-001
6.1573389E-008, -1.76211E-001
6.1574130E-008, -1.76066E-001
6.1574870E-008, -1.76374E-001
6.1575611E-008, -1.75740E-001
6.1576352E-008, -1.75903E-001
6.1577093E-008, -1.76374E-001
6.1577833E-008, -1.76374E-001
6.1578574E-008, -1.75903E-001
6.1579315E-008, -1.75903E-001
6.1580056E-008, -1.75903E-001
6.1580796E-008, -1.76066E-001
6.1581537E-008, -1.76374E-001
6.1582278E-008, -1.76374E-001
6.1583019E-008, -1.75595E-001
6.1583759E-008, -1.76537E-001
6.1584500E-008, -1.76211E-001
6.1585241E-008, -1.76537E-001
6.1585981E-008, -1.76700E-001
6.1586722E-008, -1.75903E-001
6.1587463E-008, -1.76211E-001
6.1588204E-008, -1.77007E-001
6.1588944E-008, -1.76211E-001
6.1589685E-008, -1.76374E-001
6.1590426E-008, -1.76537E-001
6.1591167E-008, -1.76374E-001
6.1591907E-008, -1.76700E-001
6.1592648E-008, -1.76700E-001
6.1593389E-008, -1.76844E-001
6.1594130E-008, -1.76537E-001
6.1594870E-008, -1.76700E-001
6.1595611E-008, -1.76844E-001
6.1596352E-008, -1.76700E-001
6.1597093E-008, -1.76066E-001
6.1597833E-008, -1.76537E-001
6.1598574E-008, -1.77152E-001
6.1599315E-008, -1.76537E-001
6.1600056E-008, -1.76537E-001
6.1600796E-008, -1.76844E-001
6.1601537E-008, -1.76844E-001
6.1602278E-008, -1.76066E-001
6.1603019E-008, -1.76700E-001
6.1603759E-008, -1.76211E-001
6.1604500E-008, -1.76211E-001
6.1605241E-008, -1.76844E-001
6.1605981E-008, -1.76211E-001
6.1606722E-008, -1.76066E-001
6.1607463E-008, -1.76700E-001
6.1608204E-008, -1.76374E-001
6.1608944E-008, -1.76374E-001
6.1609685E-008, -1.76537E-001
6.1610426E-008, -1.76537E-001
6.1611167E-008, -1.76844E-001
6.1611907E-008, -1.76211E-001
6.1612648E-008, -1.76066E-001
6.1613389E-008, -1.76537E-001
6.1614130E-008, -1.77478E-001
6.1614870E-008, -1.76211E-001
6.1615611E-008, -1.76844E-001
6.1616352E-008, -1.76700E-001
6.1617093E-008, -1.76537E-001
6.1617833E-008, -1.76211E-001
6.1618574E-008, -1.76844E-001
6.1619315E-008, -1.76211E-001
6.1620056E-008, -1.76844E-001
6.1620796E-008, -1.76374E-001
6.1621537E-008, -1.76700E-001
6.1622278E-008, -1.76700E-001
6.1623019E-008, -1.76537E-001
6.1623759E-008, -1.76537E-001
6.1624500E-008, -1.76537E-001
6.1625241E-008, -1.76844E-001
6.1625981E-008, -1.76374E-001
6.1626722E-008, -1.76700E-001
6.1627463E-008, -1.76700E-001
6.1628204E-008, -1.76537E-001
6.1628944E-008, -1.76700E-001
6.1629685E-008, -1.76700E-001
6.1630426E-008, -1.77007E-001
6.1631167E-008, -1.76374E-001
6.1631907E-008, -1.77007E-001
6.1632648E-008, -1.76700E-001
6.1633389E-008, -1.76844E-001
6.1634130E-008, -1.76844E-001
6.1634870E-008, -1.77007E-001
6.1635611E-008, -1.77315E-001
6.1636352E-008, -1.77478E-001
6.1637093E-008, -1.76700E-001
6.1637833E-008, -1.76700E-001
6.1638574E-008, -1.76537E-001
6.1639315E-008, -1.76374E-001
6.1640056E-008, -1.76537E-001
6.1640796E-008, -1.77315E-001
6.1641537E-008, -1.77007E-001
6.1642278E-008, -1.76374E-001
6.1643019E-008, -1.76844E-001
6.1643759E-008, -1.76844E-001
6.1644500E-008, -1.76844E-001
6.1645241E-008, -1.77007E-001
6.1645981E-008, -1.77007E-001
6.1646722E-008, -1.77152E-001
6.1647463E-008, -1.77315E-001
6.1648204E-008, -1.76844E-001
6.1648944E-008, -1.76844E-001
6.1649685E-008, -1.76537E-001
6.1650426E-008, -1.77478E-001
6.1651167E-008, -1.77152E-001
6.1651907E-008, -1.77623E-001
6.1652648E-008, -1.77007E-001
6.1653389E-008, -1.76844E-001
6.1654130E-008, -1.76844E-001
6.1654870E-008, -1.77623E-001
6.1655611E-008, -1.77007E-001
6.1656352E-008, -1.77152E-001
6.1657093E-008, -1.77007E-001
6.1657833E-008, -1.77007E-001
6.1658574E-008, -1.77478E-001
6.1659315E-008, -1.77623E-001
6.1660056E-008, -1.77786E-001
6.1660796E-008, -1.77949E-001
6.1661537E-008, -1.77152E-001
6.1662278E-008, -1.77315E-001
6.1663019E-008, -1.77152E-001
6.1663759E-008, -1.77786E-001
6.1664500E-008, -1.77786E-001
6.1665241E-008, -1.77478E-001
6.1665981E-008, -1.78256E-001
6.1666722E-008, -1.78564E-001
6.1667463E-008, -1.77478E-001
6.1668204E-008, -1.78094E-001
6.1668944E-008, -1.78256E-001
6.1669685E-008, -1.77478E-001
6.1670426E-008, -1.77786E-001
6.1671167E-008, -1.78094E-001
6.1671907E-008, -1.78872E-001
6.1672648E-008, -1.78256E-001
6.1673389E-008, -1.77949E-001
6.1674130E-008, -1.78727E-001
6.1674870E-008, -1.78094E-001
6.1675611E-008, -1.78094E-001
6.1676352E-008, -1.77786E-001
6.1677093E-008, -1.78419E-001
6.1677833E-008, -1.78419E-001
6.1678574E-008, -1.78872E-001
6.1679315E-008, -1.78419E-001
6.1680056E-008, -1.78419E-001
6.1680796E-008, -1.79198E-001
6.1681537E-008, -1.78727E-001
6.1682278E-008, -1.78419E-001
6.1683019E-008, -1.79343E-001
6.1683759E-008, -1.79035E-001
6.1684500E-008, -1.79669E-001
6.1685241E-008, -1.79035E-001
6.1685981E-008, -1.78872E-001
6.1686722E-008, -1.78419E-001
6.1687463E-008, -1.79035E-001
6.1688204E-008, -1.79669E-001
6.1688944E-008, -1.79506E-001
6.1689685E-008, -1.79669E-001
6.1690426E-008, -1.79506E-001
6.1691167E-008, -1.79198E-001
6.1691907E-008, -1.78872E-001
6.1692648E-008, -1.80447E-001
6.1693389E-008, -1.80284E-001
6.1694130E-008, -1.80447E-001
6.1694870E-008, -1.79343E-001
6.1695611E-008, -1.79506E-001
6.1696352E-008, -1.80139E-001
6.1697093E-008, -1.80918E-001
6.1697833E-008, -1.80447E-001
6.1698574E-008, -1.79669E-001
6.1699315E-008, -1.79976E-001
6.1700056E-008, -1.80139E-001
6.1700796E-008, -1.81063E-001
6.1701537E-008, -1.79506E-001
6.1702278E-008, -1.80610E-001
6.1703019E-008, -1.81388E-001
6.1703759E-008, -1.81533E-001
6.1704500E-008, -1.80610E-001
6.1705241E-008, -1.80755E-001
6.1705981E-008, -1.81225E-001
6.1706722E-008, -1.81533E-001
6.1707463E-008, -1.81696E-001
6.1708204E-008, -1.81533E-001
6.1708944E-008, -1.81063E-001
6.1709685E-008, -1.81533E-001
6.1710426E-008, -1.81533E-001
6.1711167E-008, -1.81225E-001
6.1711907E-008, -1.82167E-001
6.1712648E-008, -1.82945E-001
6.1713389E-008, -1.82330E-001
6.1714130E-008, -1.82945E-001
6.1714870E-008, -1.82945E-001
6.1715611E-008, -1.83108E-001
6.1716352E-008, -1.82638E-001
6.1717093E-008, -1.83108E-001
6.1717833E-008, -1.82475E-001
6.1718574E-008, -1.83253E-001
6.1719315E-008, -1.83724E-001
6.1720056E-008, -1.83108E-001
6.1720796E-008, -1.83253E-001
6.1721537E-008, -1.83887E-001
6.1722278E-008, -1.84828E-001
6.1723019E-008, -1.83887E-001
6.1723759E-008, -1.83253E-001
6.1724500E-008, -1.83887E-001
6.1725241E-008, -1.83253E-001
6.1725981E-008, -1.84195E-001
6.1726722E-008, -1.84828E-001
6.1727463E-008, -1.83253E-001
6.1728204E-008, -1.83579E-001
6.1728944E-008, -1.84665E-001
6.1729685E-008, -1.85607E-001
6.1730426E-008, -1.85914E-001
6.1731167E-008, -1.85914E-001
6.1731907E-008, -1.85607E-001
6.1732648E-008, -1.85607E-001
6.1733389E-008, -1.84828E-001
6.1734130E-008, -1.86077E-001
6.1734870E-008, -1.87182E-001
6.1735611E-008, -1.86077E-001
6.1736352E-008, -1.87019E-001
6.1737093E-008, -1.86077E-001
6.1737833E-008, -1.86077E-001
6.1738574E-008, -1.86711E-001
6.1739315E-008, -1.87019E-001
6.1740056E-008, -1.87182E-001
6.1740796E-008, -1.85770E-001
6.1741537E-008, -1.86711E-001
6.1742278E-008, -1.86240E-001
6.1743019E-008, -1.86548E-001
6.1743759E-008, -1.86548E-001
6.1744500E-008, -1.87489E-001
6.1745241E-008, -1.87489E-001
6.1745981E-008, -1.87634E-001
6.1746722E-008, -1.87489E-001
6.1747463E-008, -1.87489E-001
6.1748204E-008, -1.87634E-001
6.1748944E-008, -1.87182E-001
6.1749685E-008, -1.87326E-001
6.1750426E-008, -1.87019E-001
6.1751167E-008, -1.87019E-001
6.1751907E-008, -1.87326E-001
6.1752648E-008, -1.88268E-001
6.1753389E-008, -1.87182E-001
6.1754130E-008, -1.88268E-001
6.1754870E-008, -1.88576E-001
6.1755611E-008, -1.88739E-001
6.1756352E-008, -1.88902E-001
6.1757093E-008, -1.88431E-001
6.1757833E-008, -1.88576E-001
6.1758574E-008, -1.89046E-001
6.1759315E-008, -1.88105E-001
6.1760056E-008, -1.88576E-001
6.1760796E-008, -1.89354E-001
6.1761537E-008, -1.88739E-001
6.1762278E-008, -1.88431E-001
6.1763019E-008, -1.89209E-001
6.1763759E-008, -1.89680E-001
6.1764500E-008, -1.89046E-001
6.1765241E-008, -1.89354E-001
6.1765981E-008, -1.89517E-001
6.1766722E-008, -1.89046E-001
6.1767463E-008, -1.89517E-001
6.1768204E-008, -1.88902E-001
6.1768944E-008, -1.89354E-001
6.1769685E-008, -1.89825E-001
6.1770426E-008, -1.89988E-001
6.1771167E-008, -1.88739E-001
6.1771907E-008, -1.89680E-001
6.1772648E-008, -1.89209E-001
6.1773389E-008, -1.90151E-001
6.1774130E-008, -1.89988E-001
6.1774870E-008, -1.89680E-001
6.1775611E-008, -1.89354E-001
6.1776352E-008, -1.89988E-001
6.1777093E-008, -1.90296E-001
6.1777833E-008, -1.89988E-001
6.1778574E-008, -1.89354E-001
6.1779315E-008, -1.89825E-001
6.1780056E-008, -1.90151E-001
6.1780796E-008, -1.90296E-001
6.1781537E-008, -1.90296E-001
6.1782278E-008, -1.90766E-001
6.1783019E-008, -1.89988E-001
6.1783759E-008, -1.89825E-001
6.1784500E-008, -1.90621E-001
6.1785241E-008, -1.90458E-001
6.1785981E-008, -1.90151E-001
6.1786722E-008, -1.90621E-001
6.1787463E-008, -1.89988E-001
6.1788204E-008, -1.90296E-001
6.1788944E-008, -1.90296E-001
6.1789685E-008, -1.90296E-001
6.1790426E-008, -1.90151E-001
6.1791167E-008, -1.90458E-001
6.1791907E-008, -1.90929E-001
6.1792648E-008, -1.90621E-001
6.1793389E-008, -1.90929E-001
6.1794130E-008, -1.90621E-001
6.1794870E-008, -1.90929E-001
6.1795611E-008, -1.91092E-001
6.1796352E-008, -1.91237E-001
6.1797093E-008, -1.90296E-001
6.1797833E-008, -1.90766E-001
6.1798574E-008, -1.91545E-001
6.1799315E-008, -1.91237E-001
6.1800056E-008, -1.91092E-001
6.1800796E-008, -1.91237E-001
6.1801537E-008, -1.91400E-001
6.1802278E-008, -1.90766E-001
6.1803019E-008, -1.91237E-001
6.1803759E-008, -1.91237E-001
6.1804500E-008, -1.91545E-001
6.1805241E-008, -1.90929E-001
6.1805981E-008, -1.90929E-001
6.1806722E-008, -1.91237E-001
6.1807463E-008, -1.91708E-001
6.1808204E-008, -1.92015E-001
6.1808944E-008, -1.91708E-001
6.1809685E-008, -1.91871E-001
6.1810426E-008, -1.91092E-001
6.1811167E-008, -1.91237E-001
6.1811907E-008, -1.91708E-001
6.1812648E-008, -1.91545E-001
6.1813389E-008, -1.92178E-001
6.1814130E-008, -1.91708E-001
6.1814870E-008, -1.91092E-001
6.1815611E-008, -1.91545E-001
6.1816352E-008, -1.91708E-001
6.1817093E-008, -1.91708E-001
6.1817833E-008, -1.91237E-001
6.1818574E-008, -1.92178E-001
6.1819315E-008, -1.92015E-001
6.1820056E-008, -1.91237E-001
6.1820796E-008, -1.91545E-001
6.1821537E-008, -1.91400E-001
6.1822278E-008, -1.90929E-001
6.1823019E-008, -1.92015E-001
6.1823759E-008, -1.91871E-001
6.1824500E-008, -1.92178E-001
6.1825241E-008, -1.91708E-001
6.1825981E-008, -1.92341E-001
6.1826722E-008, -1.91871E-001
6.1827463E-008, -1.92178E-001
6.1828204E-008, -1.92341E-001
6.1828944E-008, -1.92015E-001
6.1829685E-008, -1.91871E-001
6.1830426E-008, -1.92015E-001
6.1831167E-008, -1.92178E-001
6.1831907E-008, -1.92341E-001
6.1832648E-008, -1.92649E-001
6.1833389E-008, -1.92341E-001
6.1834130E-008, -1.92486E-001
6.1834870E-008, -1.92486E-001
6.1835611E-008, -1.92015E-001
6.1836352E-008, -1.92178E-001
6.1837093E-008, -1.92178E-001
6.1837833E-008, -1.92015E-001
6.1838574E-008, -1.92341E-001
6.1839315E-008, -1.92178E-001
6.1840056E-008, -1.92178E-001
6.1840796E-008, -1.91871E-001
6.1841537E-008, -1.92649E-001
6.1842278E-008, -1.92341E-001
6.1843019E-008, -1.92341E-001
6.1843759E-008, -1.91871E-001
6.1844500E-008, -1.92178E-001
6.1845241E-008, -1.92486E-001
6.1845981E-008, -1.91545E-001
6.1846722E-008, -1.92015E-001
6.1847463E-008, -1.92486E-001
6.1848204E-008, -1.91871E-001
6.1848944E-008, -1.92015E-001
6.1849685E-008, -1.92649E-001
6.1850426E-008, -1.92178E-001
6.1851167E-008, -1.92812E-001
6.1851907E-008, -1.92015E-001
6.1852648E-008, -1.92178E-001
6.1853389E-008, -1.91871E-001
6.1854130E-008, -1.91708E-001
6.1854870E-008, -1.91871E-001
6.1855611E-008, -1.93265E-001
6.1856352E-008, -1.92649E-001
6.1857093E-008, -1.91871E-001
6.1857833E-008, -1.92015E-001
6.1858574E-008, -1.92486E-001
6.1859315E-008, -1.92812E-001
6.1860056E-008, -1.91400E-001
6.1860796E-008, -1.92341E-001
6.1861537E-008, -1.91871E-001
6.1862278E-008, -1.91871E-001
6.1863019E-008, -1.92486E-001
6.1863759E-008, -1.92178E-001
6.1864500E-008, -1.92486E-001
6.1865241E-008, -1.91871E-001
6.1865981E-008, -1.91871E-001
6.1866722E-008, -1.92486E-001
6.1867463E-008, -1.92178E-001
6.1868204E-008, -1.92341E-001
6.1868944E-008, -1.92015E-001
6.1869685E-008, -1.92178E-001
6.1870426E-008, -1.92015E-001
6.1871167E-008, -1.92957E-001
6.1871907E-008, -1.91871E-001
6.1872648E-008, -1.92015E-001
6.1873389E-008, -1.92812E-001
6.1874130E-008, -1.92178E-001
6.1874870E-008, -1.93265E-001
6.1875611E-008, -1.92649E-001
6.1876352E-008, -1.92486E-001
6.1877093E-008, -1.92812E-001
6.1877833E-008, -1.92957E-001
6.1878574E-008, -1.92015E-001
6.1879315E-008, -1.92486E-001
6.1880056E-008, -1.92178E-001
6.1880796E-008, -1.92486E-001
6.1881537E-008, -1.92649E-001
6.1882278E-008, -1.92486E-001
6.1883019E-008, -1.92649E-001
6.1883759E-008, -1.92812E-001
6.1884500E-008, -1.92178E-001
6.1885241E-008, -1.92957E-001
6.1885981E-008, -1.92957E-001
6.1886722E-008, -1.92486E-001
6.1887463E-008, -1.92486E-001
6.1888204E-008, -1.92178E-001
6.1888944E-008, -1.92486E-001
6.1889685E-008, -1.92486E-001
6.1890426E-008, -1.92178E-001
6.1891167E-008, -1.91871E-001
6.1891907E-008, -1.92486E-001
6.1892648E-008, -1.92341E-001
6.1893389E-008, -1.92486E-001
6.1894130E-008, -1.92649E-001
6.1894870E-008, -1.92341E-001
6.1895611E-008, -1.92812E-001
6.1896352E-008, -1.92341E-001
6.1897093E-008, -1.92812E-001
6.1897833E-008, -1.91871E-001
6.1898574E-008, -1.92341E-001
6.1899315E-008, -1.92812E-001
6.1900056E-008, -1.92649E-001
6.1900796E-008, -1.91871E-001
6.1901537E-008, -1.92178E-001
6.1902278E-008, -1.91545E-001
6.1903019E-008, -1.92178E-001
6.1903759E-008, -1.92015E-001
6.1904500E-008, -1.92341E-001
6.1905241E-008, -1.92015E-001
6.1905981E-008, -1.92486E-001
6.1906722E-008, -1.92486E-001
6.1907463E-008, -1.92341E-001
6.1908204E-008, -1.92341E-001
6.1908944E-008, -1.91708E-001
6.1909685E-008, -1.91708E-001
6.1910426E-008, -1.91708E-001
6.1911167E-008, -1.92015E-001
6.1911907E-008, -1.92178E-001
6.1912648E-008, -1.91708E-001
6.1913389E-008, -1.92178E-001
6.1914130E-008, -1.91708E-001
6.1914870E-008, -1.91237E-001
6.1915611E-008, -1.91708E-001
6.1916352E-008, -1.91871E-001
6.1917093E-008, -1.92015E-001
6.1917833E-008, -1.91871E-001
6.1918574E-008, -1.91400E-001
6.1919315E-008, -1.91708E-001
6.1920056E-008, -1.91237E-001
6.1920796E-008, -1.91708E-001
6.1921537E-008, -1.91400E-001
6.1922278E-008, -1.91708E-001
6.1923019E-008, -1.91545E-001
6.1923759E-008, -1.92015E-001
6.1924500E-008, -1.91400E-001
6.1925241E-008, -1.91545E-001
6.1925981E-008, -1.91092E-001
6.1926722E-008, -1.90766E-001
6.1927463E-008, -1.91400E-001
6.1928204E-008, -1.90766E-001
6.1928944E-008, -1.91237E-001
6.1929685E-008, -1.91545E-001
6.1930426E-008, -1.90458E-001
6.1931167E-008, -1.90929E-001
6.1931907E-008, -1.90929E-001
6.1932648E-008, -1.90929E-001
6.1933389E-008, -1.90151E-001
6.1934130E-008, -1.90621E-001
6.1934870E-008, -1.90766E-001
6.1935611E-008, -1.90151E-001
6.1936352E-008, -1.90929E-001
6.1937093E-008, -1.89988E-001
6.1937833E-008, -1.90621E-001
6.1938574E-008, -1.90296E-001
6.1939315E-008, -1.90296E-001
6.1940056E-008, -1.91092E-001
6.1940796E-008, -1.89517E-001
6.1941537E-008, -1.89209E-001
6.1942278E-008, -1.89988E-001
6.1943019E-008, -1.90151E-001
6.1943759E-008, -1.89988E-001
6.1944500E-008, -1.89825E-001
6.1945241E-008, -1.90151E-001
6.1945981E-008, -1.89825E-001
6.1946722E-008, -1.89354E-001
6.1947463E-008, -1.90151E-001
6.1948204E-008, -1.89680E-001
6.1948944E-008, -1.89680E-001
6.1949685E-008, -1.89517E-001
6.1950426E-008, -1.89680E-001
6.1951167E-008, -1.89988E-001
6.1951907E-008, -1.89680E-001
6.1952648E-008, -1.89354E-001
6.1953389E-008, -1.89354E-001
6.1954130E-008, -1.89046E-001
6.1954870E-008, -1.89046E-001
6.1955611E-008, -1.89517E-001
6.1956352E-008, -1.88902E-001
6.1957093E-008, -1.88739E-001
6.1957833E-008, -1.88105E-001
6.1958574E-008, -1.88739E-001
6.1959315E-008, -1.88576E-001
6.1960056E-008, -1.88739E-001
6.1960796E-008, -1.88902E-001
6.1961537E-008, -1.88105E-001
6.1962278E-008, -1.88902E-001
6.1963019E-008, -1.88431E-001
6.1963759E-008, -1.88902E-001
